76	44	6
-1.0	1.0	-1.0	0.47557443380355835	0.786649763584137	1.0	0	0.0	0	0.0	0	0.0	-1.0	0.0	0.0	0.0	-1.0	1.0	0.0	0.0
1.0	1.0	-2.7404375076293945	0.6288465857505798	0.9999998807907104	1.0	3	0.0	0	0.0	0	0.0	-1.0	0.0	0.0	0.0	-1.0	1.0	0.0	0.0
1.0	1.0	-1.0	0.47557443380355835	0.9999998807907104	1.0	0	0.0	0	0.0	0	0.0	-1.0	0.0	0.0	0.0	-1.0	1.0	0.0	0.0
1.0	1.0	1.0	0.17613063752651215	0.5732995867729187	1.0	0	0.0	0	0.0	0	0.0	0.0	1.0	-1.0	0.0	0.0	0.0	-1.0	0.0
-1.0	-1.0	1.0	0.3522612750530243	0.786649763584137	1.0	0	0.0	0	0.0	0	0.0	0.0	1.0	-1.0	0.0	0.0	0.0	-1.0	0.0
1.0	-1.0	1.0	0.17613066732883453	0.786649763584137	1.0	0	0.0	0	0.0	0	0.0	0.0	1.0	-1.0	0.0	0.0	0.0	-1.0	0.0
-1.0	1.0	1.0	0.24892832338809967	0.1561378836631775	1.0	0	0.0	0	0.0	0	-1.0	0.0	0.0	0.0	0.681477963924408	0.7318387031555176	0.0	0.7318387031555176	-0.681477963924408
-1.0	-1.0	-1.0	0.0	0.14539343118667603	1.0	0	0.0	0	0.0	0	-1.0	0.0	0.0	0.0	0.681477963924408	0.7318387031555176	0.0	0.7318387031555176	-0.681477963924408
-1.0	-1.0	1.0	0.12889918684959412	0.0	1.0	0	0.0	0	0.0	0	-1.0	0.0	0.0	0.0	0.681477963924408	0.7318387031555176	0.0	0.7318387031555176	-0.681477963924408
1.0	-1.0	-1.0	0.5283918976783752	0.7866497039794922	1.0	0	0.0	0	0.0	0	0.0	-1.0	0.0	-1.0	0.0	0.0	0.0	0.0	-1.0
-1.0	-1.0	1.0	0.7045224905014038	0.5732995867729187	1.0	0	0.0	0	0.0	0	0.0	-1.0	0.0	-1.0	0.0	0.0	0.0	0.0	-1.0
-1.0	-1.0	-1.0	0.7045224905014038	0.7866497039794922	1.0	0	0.0	0	0.0	0	0.0	-1.0	0.0	-1.0	0.0	0.0	0.0	0.0	-1.0
1.0	1.0	-1.0	0.577876091003418	0.2717682421207428	1.0	0	0.0	0	0.0	0	1.0	0.0	0.0	0.0	0.6814780831336975	0.7318385243415833	0.0	-0.7318385243415833	0.6814780831336975
1.0	-1.0	1.0	0.586746096611023	0.5732995867729187	1.0	0	0.0	0	0.0	0	1.0	0.0	0.0	0.0	0.6814780235290527	0.7318386435508728	0.0	-0.7318386435508728	0.6814780235290527
1.0	-1.0	-1.0	0.4578469395637512	0.4279061257839203	1.0	0	0.0	0	0.0	0	1.0	0.0	0.0	0.0	0.6814780235290527	0.731838583946228	0.0	-0.731838583946228	0.6814780235290527
-1.0	1.0	-1.0	2.0996402838591166e-08	0.786649763584137	1.0	0	0.0	0	0.0	0	0.0	0.0	-1.0	-1.3968740120162693e-07	-1.0	0.0	-1.0	1.3968740120162693e-07	0.0
1.0	-1.0	-1.0	0.17613062262535095	0.5732995867729187	1.0	0	0.0	0	0.0	0	0.0	0.0	-1.0	-1.3968740120162693e-07	-1.0	0.0	-1.0	1.3968740120162693e-07	0.0
-1.0	-1.0	-1.0	0.17613065242767334	0.786649763584137	1.0	0	0.0	0	0.0	0	0.0	0.0	-1.0	0.0	-1.0	0.0	-1.0	0.0	0.0
-1.0	2.6512269973754883	1.0	0.34802600741386414	0.2850474417209625	1.0	0	0.0	0	0.0	0	-1.0	0.0	0.0	0.0	0.6814779043197632	0.7318387031555176	0.0	0.7318387031555176	-0.6814779043197632
-1.0	4.481131553649902	-1.0	0.3289477229118347	0.5732995867729187	1.0	0	0.0	0	0.0	0	-1.0	0.0	0.0	0.0	0.681477963924408	0.7318387031555176	0.0	0.7318387031555176	-0.681477963924408
-1.0	2.6512269973754883	-1.0	0.21912680566310883	0.43044084310531616	1.0	0	0.0	0	0.0	0	-1.0	0.0	0.0	0.0	0.681477963924408	0.7318387031555176	0.0	0.7318387031555176	-0.681477963924408
-1.0	2.6512269973754883	1.0	0.7789083123207092	0.9999998807907104	1.0	0	0.0	0	0.0	0	0.0	1.0	0.0	-1.806019582772933e-07	0.0	-1.0	-1.0	0.0	1.806019582772933e-07
1.0	2.6512269973754883	2.703981876373291	0.6288465857505798	0.786649763584137	1.0	5	0.0	0	0.0	0	0.0	1.0	0.0	-1.4730615305325045e-07	0.0	-1.0	-1.0	0.0	1.4730615305325045e-07
1.0	2.6512269973754883	1.0	0.7789082527160645	0.786649763584137	1.0	0	0.0	0	0.0	0	0.0	1.0	0.0	0.0	0.0	-1.0	-1.0	0.0	0.0
-1.0	1.0	-1.0	0.12002913653850555	0.3015313148498535	1.0	0	0.0	0	0.0	0	-1.0	0.0	0.0	0.0	0.6814780235290527	0.7318386435508728	0.0	0.7318386435508728	-0.6814780235290527
1.0	2.6512269973754883	1.0	0.8058729767799377	0.28825217485427856	1.0	0	0.0	0	0.0	0	1.0	0.0	0.0	0.0	0.6814780235290527	0.731838583946228	0.0	-0.731838583946228	0.6814780235290527
1.0	1.0	1.0	0.7067753076553345	0.4171616733074188	1.0	0	0.0	0	0.0	0	1.0	0.0	0.0	0.0	0.6814780235290527	0.7318386435508728	0.0	-0.7318386435508728	0.6814780235290527
-1.0	4.481131553649902	-1.0	0.5283918976783752	0.7866497039794922	1.0	0	0.0	0	0.0	0	0.0	1.0	0.0	-1.3968735856906278e-07	0.0	-1.0	-1.0	0.0	1.3968735856906278e-07
1.0	4.481131553649902	1.0	0.3522612750530243	0.5732995867729187	1.0	0	0.0	0	0.0	0	0.0	1.0	0.0	-1.3968735856906278e-07	0.0	-1.0	-1.0	0.0	1.3968735856906278e-07
1.0	4.481131553649902	-1.0	0.5283918976783752	0.5732995867729187	1.0	0	0.0	0	0.0	0	0.0	1.0	0.0	0.0	0.0	-1.0	-1.0	0.0	0.0
1.0	2.6512269973754883	1.0	0.0	0.786649763584137	1.0	0	0.0	0	0.0	0	0.0	0.0	1.0	0.0	1.0	0.0	-1.0	0.0	0.0
-1.0	4.481131553649902	1.0	0.16115111112594604	0.9999999403953552	1.0	0	0.0	0	0.0	0	0.0	0.0	1.0	0.0	1.0	0.0	-1.0	0.0	0.0
-1.0	2.6512269973754883	1.0	0.0	0.9999999403953552	1.0	0	0.0	0	0.0	0	0.0	0.0	1.0	0.0	1.0	0.0	-1.0	0.0	0.0
-1.0	2.6512269973754883	-1.0	0.16115115582942963	0.786649763584137	1.0	0	0.0	0	0.0	0	0.0	0.0	-1.0	0.0	1.0	0.0	1.0	0.0	0.0
1.0	4.481131553649902	-1.0	0.3223022520542145	0.9999999403953552	1.0	0	0.0	0	0.0	0	0.0	0.0	-1.0	0.0	1.0	0.0	1.0	0.0	0.0
1.0	2.6512269973754883	-1.0	0.16115111112594604	0.9999999403953552	1.0	0	0.0	0	0.0	0	0.0	0.0	-1.0	0.0	1.0	0.0	1.0	0.0	0.0
1.0	2.6512269973754883	-1.0	0.6769737601280212	0.14285871386528015	1.0	0	0.0	0	0.0	0	1.0	0.0	0.0	0.0	0.6814780235290527	0.7318386435508728	0.0	-0.7318386435508728	0.6814780235290527
1.0	4.481131553649902	1.0	0.9156938791275024	0.14539343118667603	1.0	0	0.0	0	0.0	0	1.0	0.0	0.0	0.0	0.681477963924408	0.7318387031555176	0.0	-0.7318387031555176	0.681477963924408
1.0	1.0	2.703981876373291	0.8545842170715332	0.5732995867729187	1.0	5	0.0	0	0.0	0	0.0	0.0	1.0	0.0	1.0	0.0	-1.0	0.0	0.0
-1.0	2.6512269973754883	2.703981876373291	1.0	0.786649763584137	1.0	5	0.0	0	0.0	0	0.0	0.0	1.0	0.0	1.0	0.0	-1.0	0.0	0.0
-1.0	1.0	2.703981876373291	0.8545842170715332	0.786649763584137	1.0	5	0.0	0	0.0	0	0.0	0.0	1.0	0.0	1.0	0.0	-1.0	0.0	0.0
-1.0	1.0	1.0	0.24892832338809967	0.1561378836631775	1.0	0	0.0	0	0.0	0	-1.0	0.0	0.0	0.0	0.681477963924408	0.7318386435508728	0.0	0.7318386435508728	-0.681477963924408
-1.0	2.6512269973754883	2.703981876373291	0.4578469395637512	0.16117355227470398	1.0	5	0.0	0	0.0	0	-1.0	0.0	0.0	0.0	0.681477963924408	0.7318386435508728	0.0	0.7318386435508728	-0.681477963924408
-1.0	2.6512269973754883	1.0	0.34802600741386414	0.2850474417209625	1.0	0	0.0	0	0.0	0	-1.0	0.0	0.0	0.0	0.681477963924408	0.7318387031555176	0.0	0.7318386435508728	-0.6814779043197632
1.0	1.0	1.0	0.7045224905014038	0.5732996463775635	1.0	0	0.0	0	0.0	0	0.0	-1.0	0.0	-3.279081681739626e-07	0.0	1.0	-1.0	0.0	-3.279081681739626e-07
-1.0	1.0	2.703981876373291	0.8545841574668884	0.7866497039794922	1.0	5	0.0	0	0.0	0	0.0	-1.0	0.0	-3.279081681739626e-07	0.0	1.0	-1.0	0.0	-3.279081681739626e-07
-1.0	1.0	1.0	0.7045224905014038	0.786649763584137	1.0	0	0.0	0	0.0	0	0.0	-1.0	0.0	-3.279081681739626e-07	0.0	1.0	-1.0	0.0	-3.279081681739626e-07
1.0	2.6512269973754883	1.0	0.8058729767799377	0.28825217485427856	1.0	0	0.0	0	0.0	0	1.0	0.0	0.0	0.0	0.6814780831336975	0.731838583946228	0.0	-0.731838583946228	0.6814780831336975
1.0	1.0	2.703981876373291	0.8165962100028992	0.541035532951355	1.0	5	0.0	0	0.0	0	1.0	0.0	0.0	0.0	0.6814780831336975	0.731838583946228	0.0	-0.731838583946228	0.6814780831336975
1.0	1.0	1.0	0.7067753076553345	0.4171616733074188	1.0	0	0.0	0	0.0	0	1.0	0.0	0.0	0.0	0.6814780831336975	0.731838583946228	0.0	-0.7318385243415833	0.6814780235290527
-1.0	1.0	-2.7404375076293945	0.7789083123207092	0.786649763584137	1.0	3	0.0	0	0.0	0	0.0	0.0	-1.0	0.0	1.0	0.0	1.0	0.0	0.0
1.0	2.6512269973754883	-2.7404375076293945	0.924324095249176	0.9999999403953552	1.0	3	0.0	0	0.0	0	0.0	0.0	-1.0	0.0	1.0	0.0	1.0	0.0	0.0
1.0	1.0	-2.7404375076293945	0.7789083123207092	0.9999999403953552	1.0	3	0.0	0	0.0	0	0.0	0.0	-1.0	0.0	1.0	0.0	1.0	0.0	0.0
1.0	2.6512269973754883	-2.7404375076293945	0.5648033022880554	0.016334624961018562	1.0	3	0.0	0	0.0	0	1.0	0.0	0.0	0.0	0.6814780831336975	0.731838583946228	0.0	-0.731838583946228	0.6814780831336975
1.0	2.6512269973754883	-1.0	0.3223022520542145	0.7866498231887817	1.0	0	0.0	0	0.0	0	0.0	1.0	0.0	-3.2103974945130176e-07	0.0	-1.0	-1.0	0.0	3.2103972102959233e-07
-1.0	2.6512269973754883	-2.7404375076293945	0.47557440400123596	0.9999998807907104	1.0	3	0.0	0	0.0	0	0.0	1.0	0.0	-3.2103974945130176e-07	0.0	-1.0	-1.0	0.0	3.2103972102959233e-07
-1.0	2.6512269973754883	-1.0	0.32230228185653687	0.9999999403953552	1.0	0	0.0	0	0.0	0	0.0	1.0	0.0	-3.2103974945130176e-07	0.0	-1.0	-1.0	0.0	3.2103974945130176e-07
-1.0	1.0	-2.7404375076293945	0.007858638651669025	0.42805540561676025	1.0	3	0.0	0	0.0	0	-1.0	0.0	0.0	0.0	0.6814780235290527	0.731838583946228	0.0	0.731838583946228	-0.6814780235290527
-1.0	1.0	-2.7404375076293945	0.6288465857505798	0.786649763584137	1.0	3	0.0	0	0.0	0	0.0	-1.0	0.0	0.0	0.0	-1.0	1.0	0.0	0.0
-1.0	1.0	1.0	0.3522612750530243	0.5732995867729187	1.0	0	0.0	0	0.0	0	0.0	0.0	1.0	-1.0	0.0	0.0	0.0	-1.0	0.0
1.0	-1.0	1.0	0.5283918976783752	0.5732995867729187	1.0	0	0.0	0	0.0	0	0.0	-1.0	0.0	-1.0	0.0	0.0	0.0	0.0	-1.0
1.0	1.0	-1.0	0.0	0.5732996463775635	1.0	0	0.0	0	0.0	0	0.0	0.0	-1.0	-2.7937480240325385e-07	-1.0	0.0	-1.0	2.7937480240325385e-07	0.0
-1.0	4.481131553649902	1.0	0.4578469395637512	0.4279061555862427	1.0	0	0.0	0	0.0	0	-1.0	0.0	0.0	0.0	0.6814780235290527	0.7318386435508728	0.0	0.7318386435508728	-0.6814780235290527
-1.0	2.6512269973754883	2.703981876373291	0.6288465857505798	0.9999999403953552	1.0	5	0.0	0	0.0	0	0.0	1.0	0.0	-3.2790811133054376e-07	0.0	-1.0	-1.0	0.0	3.2790811133054376e-07
-1.0	4.481131553649902	1.0	0.3522613048553467	0.786649763584137	1.0	0	0.0	0	0.0	0	0.0	1.0	0.0	-2.7937471713812556e-07	0.0	-1.0	-1.0	0.0	2.7937471713812556e-07
1.0	4.481131553649902	1.0	0.16115111112594604	0.786649763584137	1.0	0	0.0	0	0.0	0	0.0	0.0	1.0	0.0	1.0	0.0	-1.0	0.0	0.0
-1.0	4.481131553649902	-1.0	0.3223022520542145	0.786649763584137	1.0	0	0.0	0	0.0	0	0.0	0.0	-1.0	0.0	1.0	0.0	1.0	0.0	0.0
1.0	4.481131553649902	-1.0	0.7867947220802307	0.0	1.0	0	0.0	0	0.0	0	1.0	0.0	0.0	0.0	0.681477963924408	0.7318387031555176	0.0	-0.7318387031555176	0.681477963924408
1.0	2.6512269973754883	2.703981876373291	1.0	0.5732995867729187	1.0	5	0.0	0	0.0	0	0.0	0.0	1.0	0.0	1.0	0.0	-1.0	0.0	0.0
-1.0	1.0	2.703981876373291	0.35874927043914795	0.03226400911808014	1.0	5	0.0	0	0.0	0	-1.0	0.0	0.0	0.0	0.681477963924408	0.7318387031555176	0.0	0.7318386435508728	-0.6814779043197632
1.0	1.0	2.703981876373291	0.8545841574668884	0.5732995867729187	1.0	5	0.0	0	0.0	0	0.0	-1.0	0.0	-3.279081681739626e-07	0.0	1.0	-1.0	0.0	-3.279081681739626e-07
1.0	2.6512269973754883	2.703981876373291	0.9156938791275024	0.4121260344982147	1.0	5	0.0	0	0.0	0	1.0	0.0	0.0	0.0	0.6814780235290527	0.731838583946228	0.0	-0.731838583946228	0.6814780235290527
-1.0	2.6512269973754883	-2.7404375076293945	0.9243241548538208	0.786649763584137	1.0	3	0.0	0	0.0	0	0.0	0.0	-1.0	0.0	1.0	0.0	1.0	0.0	0.0
1.0	1.0	-2.7404375076293945	0.46570560336112976	0.14524413645267487	1.0	3	0.0	0	0.0	0	1.0	0.0	0.0	0.0	0.6814781427383423	0.7318384647369385	0.0	-0.7318384647369385	0.6814781427383423
1.0	2.6512269973754883	-2.7404375076293945	0.47557440400123596	0.786649763584137	1.0	3	0.0	0	0.0	0	0.0	1.0	0.0	-3.2103974945130176e-07	0.0	-1.0	-1.0	0.0	3.2103974945130176e-07
-1.0	2.6512269973754883	-2.7404375076293945	0.10695631057024002	0.5569649338722229	1.0	3	0.0	0	0.0	0	-1.0	0.0	0.0	0.0	0.6814780235290527	0.7318386435508728	0.0	0.7318386435508728	-0.6814780235290527
0	1	2
3	4	5
6	7	8
9	10	11
12	13	14
15	16	17
18	19	20
21	22	23
6	20	24
12	25	26
27	28	29
30	31	32
33	34	35
36	37	25
38	39	40
41	42	43
44	45	46
47	48	49
50	51	52
12	53	36
54	55	56
20	57	24
0	58	1
3	59	4
6	24	7
9	60	10
12	26	13
15	61	16
18	62	19
21	63	22
6	18	20
12	36	25
27	64	28
30	65	31
33	66	34
36	67	37
38	68	39
41	69	42
44	70	45
47	71	48
50	72	51
12	73	53
54	74	55
20	75	57
