3359	3484	12
-0.5166289806365967	0.7532475590705872	-14.690637588500977	0.9243760108947754	0.5082182884216309	1.0	0	0.0	0	0.0	0	0.9529630541801453	0.0	0.3030864894390106	0.154669851064682	0.14976048469543457	-0.976549506187439	-0.0458998866379261	0.9884662628173828	0.14431819319725037
-0.4676859974861145	0.7532475590705872	-14.999654769897461	0.9381136894226074	0.5099091529846191	1.0	0	0.0	0	0.0	0	1.0	0.0	0.0	0.15466883778572083	0.14975927770137787	-0.9765499830245972	0.0	0.988444447517395	0.15158335864543915
-0.5541399717330933	1.159983515739441	-14.999654769897461	0.9378061294555664	0.49532365798950195	1.0	0	0.0	0	0.0	0	0.913550853729248	0.4067245125770569	0.0	0.11051652580499649	0.13519972562789917	-0.9846355319023132	-0.4054360091686249	0.910656750202179	0.07953517884016037
0.902849018573761	0.05261756479740143	-14.411869049072266	0.896845817565918	0.6377582550048828	1.0	0	0.0	0	0.0	0	-0.4079839289188385	-0.7066472172737122	0.5780993103981018	0.20368915796279907	-0.5811532735824585	-0.7878907322883606	0.9001188278198242	-0.20538122951984406	0.38419339060783386
0.8318290114402771	-0.07039143145084381	-14.690637588500977	0.9091730117797852	0.6429531574249268	1.0	0	0.0	0	0.0	0	-0.47646549344062805	-0.8252997398376465	0.30308598279953003	0.20368754863739014	-0.5811539888381958	-0.7878904938697815	0.8350616097450256	-0.3169609308242798	0.44967514276504517
1.2079449892044067	-0.19259943068027496	-14.690637588500977	0.9087519645690918	0.6301708221435547	1.0	0	0.0	0	0.0	0	-0.09958437830209732	-0.9477453827857971	0.3030868470668793	0.22166688740253448	-0.4629824459552765	-0.8582022786140442	0.9655952453613281	-0.0185075793415308	0.25939011573791504
-1.3753290176391602	1.1781525611877441	-12.580451965332031	0.34365320205688477	0.9673659205436707	1.0	0	0.0	0	0.0	0	-0.809030294418335	0.5877670049667358	0.0	0.0007076929905451834	0.000973384827375412	0.9999993443489075	0.5877665877342224	0.809029757976532	-0.0012034564279019833
-1.6167969703674316	0.7042465806007385	-12.580451965332031	0.34496164321899414	0.9884046316146851	1.0	0	0.0	0	0.0	0	-0.9510607719421387	0.30900394916534424	0.0	0.0003870671789627522	0.0011915030190721154	0.9999992847442627	0.30900368094444275	0.9510599970817566	-0.0012527969665825367
-1.5935230255126953	0.6966845989227295	-12.425943374633789	0.3519101142883301	0.9877626299858093	1.0	0	0.0	0	0.0	0	-0.9058930277824402	0.29432442784309387	0.3045177459716797	0.22107136249542236	-0.27918028831481934	0.9344441890716553	0.3600458800792694	0.9138285517692566	0.18784116208553314
-3.585114002227783	0.8610835671424866	-8.43478775024414	0.54469895362854	0.9593465328216553	1.0	11	0.0	0	0.0	0	-0.6376597285270691	0.7081887125968933	0.3030821681022644	0.7455613017082214	0.6659653782844543	0.025067998096346855	-0.184090718626976	0.24195297062397003	-0.9526644349098206
-3.6178629398345947	0.8974555730819702	-8.743804931640625	0.5442883968353271	0.9454045295715332	1.0	11	0.0	0	0.0	0	-0.6691333651542664	0.743142306804657	0.0	0.7455607652664185	0.6659660935401917	0.025065623223781586	0.018627475947141647	0.016772380098700523	-0.9996858239173889
-3.8622779846191406	0.5610475540161133	-8.743804931640625	0.5267117023468018	0.9463248252868652	1.0	11	0.0	0	0.0	0	-0.913550853729248	0.4067245125770569	0.0	0.4172925651073456	0.9049860835075378	0.0828678160905838	0.033707283437252045	0.07571049779653549	-0.9965599179267883
0.3708209991455078	-0.9623504281044006	-13.080451965332031	0.19434571266174316	0.685258150100708	1.0	0	0.0	0	0.0	0	0.004913595970720053	-0.015290134586393833	-0.999871015548706	-0.9510565996170044	-0.3090169429779053	1.0265529454045463e-05	-0.30897724628448486	0.9509338140487671	-0.01606016792356968
0.9708210229873657	-0.5264254212379456	-13.080451965332031	0.16288220882415771	0.6750348806381226	1.0	0	0.0	0	0.0	0	0.013336814008653164	-0.009674531407654285	-0.9998643398284912	-0.9509212970733643	-0.30906498432159424	-0.015088138170540333	-0.308881551027298	0.9510072469711304	-0.013321852311491966
0.7961609959602356	-0.9169034361839294	-13.055980682373047	0.17567729949951172	0.6891912221908569	1.0	0	0.0	0	0.0	0	0.18189407885074615	-0.2503485083580017	-0.9509154558181763	-0.9451233148574829	-0.30857324600219727	-0.10735209286212921	-0.266558974981308	0.9182843565940857	-0.2927459180355072
0.37987399101257324	0.009787574410438538	-12.644182205200195	0.20416033267974854	0.7558157444000244	1.0	0	0.0	0	0.0	0	0.2020367681980133	-0.08993992954492569	0.9752393960952759	0.48250114917755127	-0.8482433557510376	-0.2183479517698288	0.847528874874115	0.5150637030601501	-0.12807852029800415
0.7431449890136719	-0.15195141732692719	-12.773386001586914	0.21849870681762695	0.7453862428665161	1.0	0	0.0	0	0.0	0	0.38207128643989563	-0.1700841337442398	0.9083462953567505	0.4604550302028656	-0.8082535266876221	-0.3670251965522766	0.7967583537101746	0.5585939884185791	-0.23054039478302002
0.8134729862213135	0.17891757190227509	-12.773386001586914	0.20728540420532227	0.7352898120880127	1.0	0	0.0	0	0.0	0	0.41820839047431946	0.0	0.9083511829376221	0.48161715269088745	-0.844051718711853	-0.23584243655204773	0.7667582631111145	0.5361527800559998	-0.35301846265792847
-3.23103404045105	0.2799995541572571	-7.79274845123291	0.9562279582023621	0.10481023788452148	1.0	11	0.0	0	0.0	0	-0.29930049180984497	0.1332462579011917	0.9448093771934509	-0.49598968029022217	0.8589761853218079	-0.12709878385066986	-0.8370855450630188	-0.5119041800498962	-0.19298158586025238
-3.2577500343322754	0.15431156754493713	-7.79274845123291	0.9519683122634888	0.10097503662109375	1.0	11	0.0	0	0.0	0	-0.32762205600738525	0.0	0.9448089003562927	-0.49847179651260376	0.8633033633232117	-0.07895039021968842	-0.8188856840133667	-0.4987933039665222	-0.2839568853378296
-2.94873309135437	0.15431156754493713	-7.743804931640625	0.9450715184211731	0.11291146278381348	1.0	11	0.0	0	0.0	0	0.0	0.0	1.0	-0.5000010132789612	0.866024911403656	-6.422591525279131e-08	-0.866024911403656	-0.5000010132789612	0.0
0.5160189867019653	0.9214515686035156	-14.411869049072266	0.9943938255310059	0.8251867294311523	1.0	0	0.0	0	0.0	0	-0.7981417775154114	0.16962647438049316	0.5780973434448242	0.16956265270709991	0.982627272605896	-0.07544726133346558	-0.5808957815170288	0.03780895844101906	-0.8130994439125061
0.37708398699760437	0.9509825706481934	-14.690637588500977	0.9980661869049072	0.8128805160522461	1.0	0	0.0	0	0.0	0	-0.9321401715278625	0.19812899827957153	0.3030836284160614	0.1695692241191864	0.982627272605896	-0.07543236762285233	-0.31279319524765015	-0.01892166957259178	-0.9496328234672546
0.37708398699760437	0.5555115938186646	-14.690637588500977	0.9818826913833618	0.8130559921264648	1.0	0	0.0	0	0.0	0	-0.9321401715278625	-0.19812899827957153	0.3030836284160614	-0.20537182688713074	0.9786708950996399	0.005086141172796488	-0.29762697219848633	-0.05750386416912079	-0.9529488682746887
0.5160189867019653	0.5850425958633423	-14.411869049072266	0.9806272983551025	0.8253355026245117	1.0	0	0.0	0	0.0	0	-0.7981417775154114	-0.16962647438049316	0.5780973434448242	-0.20537710189819336	0.9786698222160339	0.005078360438346863	-0.5666280388832092	-0.11467474699020386	-0.8159549832344055
0.5379369854927063	0.1942305713891983	-14.690637588500977	0.9642425179481506	0.8130559921264648	1.0	0	0.0	0	0.0	0	-0.770976722240448	-0.5601193904876709	0.30308642983436584	-0.5898745059967041	0.8074789047241211	-0.00509677454829216	-0.24188117682933807	-0.18271251022815704	-0.9529479146003723
0.5013830065727234	1.1105395555496216	-16.307964324951172	0.42353391647338867	0.007372856140136719	1.0	0	0.0	0	0.0	0	0.0	-1.0	0.0	-0.98996901512146	0.0	0.1412847638130188	-0.1412847638130188	0.0	-0.98996901512146
1.0021179914474487	1.1105395555496216	-16.05282974243164	0.40523552894592285	0.021785736083984375	1.0	0	0.0	0	0.0	0	0.0	-1.0	0.0	-0.9899690747261047	0.0	0.1412847638130188	-0.1412847638130188	0.0	-0.9899690747261047
1.3995029926300049	1.1105395555496216	-15.655444145202637	0.3919410705566406	0.041825294494628906	1.0	0	0.0	0	0.0	0	0.0	-1.0	0.0	-0.98996901512146	0.0	0.1412847638130188	-0.1412847638130188	0.0	-0.98996901512146
-1.8499250411987305	1.1105395555496216	-14.599639892578125	0.527756929397583	0.0679788589477539	1.0	0	0.0	0	0.0	0	0.0	-1.0	0.0	-0.9899882674217224	-5.6843412084544437e-14	0.1411493867635727	-0.1411493867635727	0.0	-0.9899883270263672
-1.5068739652633667	1.1105395555496216	-15.655442237854004	0.5074727535247803	0.02353668212890625	1.0	0	0.0	0	0.0	0	0.0	-1.0	0.0	-0.989988386631012	-5.684342563707159e-14	0.1411494016647339	-0.1411493867635727	0.0	-0.9899883270263672
-0.6087539792060852	1.1105395555496216	-12.891314506530762	0.48917436599731445	0.15119171142578125	1.0	0	0.0	0	0.0	0	0.0	-1.0	0.0	-0.9899882674217224	-5.6843412084544437e-14	0.1411493867635727	-0.1411493867635727	0.0	-0.9899883270263672
2.533735990524292	-0.14196743071079254	-7.934787750244141	0.46834230422973633	0.8514408469200134	1.0	9	0.0	0	0.0	0	-0.4862634837627411	-0.35329103469848633	0.7992079854011536	-0.499291330575943	0.8604315519332886	0.10181259363889694	-0.7237804532051086	-0.34960097074508667	-0.594912588596344
2.3547561168670654	-0.2720044255256653	-8.15601921081543	0.4673314094543457	0.8416318297386169	1.0	9	0.0	0	0.0	0	-0.6601334810256958	-0.47961151599884033	0.5780974626541138	-0.49929171800613403	0.8604313135147095	0.10181234031915665	-0.546403706073761	-0.22149446606636047	-0.807702362537384
2.6047561168670654	-0.4971054196357727	-8.15601921081543	0.45305967330932617	0.8462690711021423	1.0	9	0.0	0	0.0	0	-0.4079839289188385	-0.7066472172737122	0.5780993103981018	-0.4523955285549164	0.7735827565193176	0.44374313950538635	-0.7650513648986816	-0.08094163984060287	-0.6388622522354126
3.6783950328826904	0.9466685652732849	-8.743804931640625	0.8022952675819397	0.9431847929954529	1.0	9	0.0	0	0.0	0	0.6691333651542664	0.743142306804657	0.0	-0.10107982903718948	-0.11948848515748978	-0.987676739692688	-0.7431334257125854	0.6691253185272217	-0.004897317849099636
3.9228100776672363	0.610260546207428	-8.743804931640625	0.8024041652679443	0.9611703753471375	1.0	9	0.0	0	0.0	0	0.913550853729248	0.4067245125770569	0.0	-0.1114933043718338	-0.13307175040245056	-0.9848152995109558	-0.405511736869812	0.9108268618583679	-0.07716521620750427
3.8780980110168457	0.5903535485267639	-9.05282211303711	0.8162394762039185	0.9602226614952087	1.0	9	0.0	0	0.0	0	0.8705827593803406	0.38759028911590576	-0.3030833899974823	-0.11149215698242188	-0.13307353854179382	-0.984815239906311	-0.42685627937316895	0.9013302326202393	-0.0734676718711853
2.5897998809814453	-1.1139605045318604	-11.571562767028809	0.8455965518951416	0.5161438584327698	1.0	9	0.0	0	0.0	0	0.07388672977685928	-0.9945257306098938	-0.07388672977685928	0.5067161917686462	0.13880370557308197	-0.8508656024932861	0.857073962688446	0.025446198880672455	0.514564573764801
2.3104429244995117	-1.0506824254989624	-11.860325813293457	0.8515832424163818	0.531538188457489	1.0	9	0.0	0	0.0	0	-0.13947205245494843	-0.9496306777000427	-0.2806226313114166	0.5067157745361328	0.13880354166030884	-0.8508659601211548	0.8475179672241211	-0.2610398530960083	0.46213796734809875
2.6719839572906494	-0.9969434142112732	-12.221866607666016	0.873328447341919	0.52655029296875	1.0	9	0.0	0	0.0	0	-0.006073299329727888	-0.9063254594802856	-0.42253682017326355	0.41422420740127563	0.3398153781890869	-0.8443599343299866	0.909824013710022	-0.18034622073173523	0.3737585246562958
-1.5068739652633667	1.1105395555496216	-15.655442237854004	0.5074727535247803	0.02353668212890625	1.0	0	0.0	0	0.0	0	0.0	-1.0	0.0	-0.9900032877922058	0.0	0.14104463160037994	-0.14104463160037994	0.0	-0.9900032877922058
-1.1094889640808105	1.1105395555496216	-16.05282974243164	0.48917436599731445	0.008498191833496094	1.0	0	0.0	0	0.0	0	0.0	-1.0	0.0	-0.9900032877922058	0.0	0.14104463160037994	-0.14104463160037994	0.0	-0.9900032877922058
-0.6087539792060852	1.1105395555496216	-16.307964324951172	0.4676632881164551	0.0003871917724609375	1.0	0	0.0	0	0.0	0	0.0	-1.0	0.0	-0.990003228187561	0.0	0.14104461669921875	-0.14104461669921875	0.0	-0.990003228187561
0.37708398699760437	0.9509825706481934	-15.308671951293945	0.9980597496032715	0.7853193283081055	1.0	0	0.0	0	0.0	0	-0.9321401715278625	0.19812899827957153	-0.3030836284160614	0.15912684798240662	0.9826301336288452	0.09548134356737137	0.3167847990989685	0.040779437869787216	-0.9476203918457031
0.5160189867019653	0.9214515686035156	-15.58743953704834	0.9943816661834717	0.7727632522583008	1.0	0	0.0	0	0.0	0	-0.7981417775154114	0.16962647438049316	-0.5780973434448242	0.15913622081279755	0.9826300740242004	0.09546638280153275	0.5843198895454407	-0.0158024150878191	-0.8113695979118347
0.5160189867019653	0.5850425958633423	-15.58743953704834	0.9806151390075684	0.7729120254516602	1.0	0	0.0	0	0.0	0	-0.7981417775154114	-0.16962647438049316	-0.5780973434448242	-0.2103896588087082	0.9776049256324768	0.004976702854037285	0.5643067955970764	0.12559784948825836	-0.8159552812576294
2.869088888168335	0.5504895448684692	-12.747990608215332	0.40350592136383057	0.6113996505737305	1.0	9	0.0	0	0.0	0	0.42437076568603516	0.5562140941619873	-0.7145176529884338	0.7384002804756165	-0.6691307425498962	-0.08383983373641968	-0.5247389078140259	-0.4920211136341095	-0.6946684718132019
2.690138101577759	0.6544455885887146	-12.728069305419922	0.3943670988082886	0.6114673614501953	1.0	9	0.0	0	0.0	0	0.15650194883346558	0.7118275165557861	-0.6846960783004761	0.9468579888343811	-0.30897951126098633	-0.08939594030380249	-0.2752068340778351	-0.6343545913696289	-0.722395658493042
3.088428020477295	0.6544455885887146	-9.15017032623291	0.3943670988082886	0.7719073295593262	1.0	9	0.0	0	0.0	0	0.30711138248443604	0.9510595202445984	-0.0341811329126358	0.9468583464622498	-0.3089793026447296	-0.08939263224601746	-0.09557897597551346	-0.0049111973494291306	-0.9954097270965576
-1.8499250411987305	1.1105395555496216	-14.599639892578125	0.527756929397583	0.0679788589477539	1.0	0	0.0	0	0.0	0	0.0	-1.0	0.0	-0.9900072813034058	0.0	0.14101652801036835	-0.14101652801036835	0.0	-0.9900072813034058
-1.7620110511779785	1.1105395555496216	-15.154708862304688	0.5207674503326416	0.044033050537109375	1.0	0	0.0	0	0.0	0	0.0	-1.0	0.0	-0.9900072813034058	0.0	0.14101652801036835	-0.14101652801036835	0.0	-0.9900072813034058
-1.5068739652633667	1.1105395555496216	-15.655442237854004	0.5074727535247803	0.02353668212890625	1.0	0	0.0	0	0.0	0	0.0	-1.0	0.0	-0.990007221698761	0.0	0.14101652801036835	-0.14101652801036835	0.0	-0.990007221698761
-3.6896770000457764	0.4774555563926697	-10.983474731445312	0.7503242492675781	0.2749354839324951	1.0	11	0.0	0	0.0	0	-0.8231045603752136	0.24345219135284424	0.5130593776702881	0.5338783264160156	0.5822533965110779	0.6131517291069031	-0.1494787484407425	0.7787103652954102	-0.6093161702156067
-3.5873830318450928	0.560977578163147	-10.881180763244629	0.757716178894043	0.2749354839324951	1.0	11	0.0	0	0.0	0	-0.7396679520606995	0.31157246232032776	0.5965014696121216	0.6829496026039124	0.4112801253795624	0.6036792397499084	-0.05724754557013512	0.8540247678756714	-0.5170729756355286
-3.5360019207000732	0.9056395888328552	-11.090935707092285	0.7598371505737305	0.25992894172668457	1.0	11	0.0	0	0.0	0	-0.6964532732963562	0.5716593265533447	0.4337725341320038	0.6829503178596497	0.41128480434417725	0.6036752462387085	0.16673043370246887	0.7168397307395935	-0.6770095229148865
-0.4675779938697815	-0.46464842557907104	-12.874344825744629	0.9013619422912598	0.665075421333313	1.0	0	0.0	0	0.0	0	0.47228920459747314	0.6500347256660461	-0.595313310623169	0.3876355290412903	0.4620340168476105	0.7976611852645874	0.7935914397239685	-0.607513427734375	-0.03376410901546478
-0.2458209991455078	-0.5776404142379761	-12.874344825744629	0.9014592170715332	0.654251217842102	1.0	0	0.0	0	0.0	0	0.2482752948999405	0.7641751766204834	-0.5953114032745361	0.386026531457901	0.49296435713768005	0.7797240018844604	0.8893442749977112	-0.42340707778930664	-0.17260710895061493
-0.28000301122665405	-0.6828424334526062	-12.984960556030273	0.8964023590087891	0.6524025201797485	1.0	0	0.0	0	0.0	0	0.1784166395664215	0.5491057634353638	-0.8164865970611572	0.5034162402153015	0.6685670614242554	0.5473483800888062	0.846470832824707	-0.5087142586708069	-0.1571531593799591
1.275056004524231	1.060571551322937	-14.048599243164062	0.8241848349571228	0.8792101740837097	1.0	0	0.0	0	0.0	0	-0.03424244746565819	0.325822114944458	0.9448108673095703	-0.45361271500587463	0.7849873304367065	-0.42193669080734253	-0.8863577246665955	-0.4466632008552551	0.12190977483987808
1.4028489589691162	1.0471395254135132	-14.048599243164062	0.8208156824111938	0.8838474154472351	1.0	0	0.0	0	0.0	0	0.1012323722243309	0.31157106161117554	0.9448150992393494	-0.47393476963043213	0.819398820400238	-0.3224460482597351	-0.8788174390792847	-0.4171190559864044	0.23171411454677582
1.4889930486679077	1.3122634887695312	-14.190637588500977	0.8291497230529785	0.8930920958518982	1.0	0	0.0	0	0.0	0	0.18573802709579468	0.5716495513916016	0.7991985082626343	-0.47393494844436646	0.8193991780281067	-0.3224448561668396	-0.8455756902694702	-0.3213050365447998	0.42633894085884094
2.114237070083618	0.3454775810241699	-6.447752952575684	0.8118014335632324	0.05958902835845947	1.0	4	0.0	0	0.0	0	0.0	0.0	-1.0	-0.9931246638298035	0.11706176400184631	0.0	0.11706176400184631	0.9931246638298035	0.0
2.060533046722412	-0.11014841496944427	-6.447752952575684	0.8118014335632324	0.08005404472351074	1.0	4	0.0	0	0.0	0	0.0	0.0	-1.0	-0.9931246638298035	0.11706182360649109	0.0	0.11706182360649109	0.9931246638298035	0.0
-0.08031799644231796	0.3454775810241699	-6.447752952575684	0.9090217351913452	0.07104861736297607	1.0	4	0.0	0	0.0	0	0.0	0.0	-1.0	-0.9931246638298035	0.11706221103668213	0.0	0.11706221103668213	0.9931246638298035	0.0
-2.7942240238189697	-0.11330543458461761	-7.79274845123291	0.9312915802001953	0.11291265487670898	1.0	11	0.0	0	0.0	0	0.1637958586215973	-0.28373584151268005	0.9448094964027405	-0.4452820122241974	0.771763265132904	0.45398831367492676	-0.8661512732505798	-0.49978184700012207	6.981604383327067e-05
-2.6548399925231934	-0.3547254204750061	-7.934787750244141	0.9188697934150696	0.11291623115539551	1.0	11	0.0	0	0.0	0	0.3005223274230957	-0.5205350518226624	0.7992056608200073	-0.44528141617774963	0.7717617154121399	0.45399153232574463	-0.8661308884620667	-0.4998171925544739	0.00014929140161257237
-2.473205089569092	-0.19118042290210724	-7.934787750244141	0.9211365580558777	0.1235806941986084	1.0	11	0.0	0	0.0	0	0.4862634837627411	-0.35329103469848633	0.7992079854011536	-0.45301082730293274	0.7853336334228516	0.4219387173652649	-0.7869158983230591	-0.5746749639511108	0.2247486561536789
0.0	-0.6165744066238403	-12.28656005859375	0.6210651397705078	0.23246890306472778	1.0	0	0.0	0	0.0	0	0.0	0.8035020232200623	0.5953019857406616	-0.3670734167098999	0.5601454377174377	-0.7426266074180603	-0.9301873445510864	-0.21852649748325348	0.2949536144733429
0.24582000076770782	-0.5776404142379761	-12.28656005859375	0.6204533576965332	0.2424074411392212	1.0	0	0.0	0	0.0	0	-0.2482752948999405	0.7641751766204834	0.5953114032745361	-0.3587154448032379	0.5056904554367065	-0.7846019864082336	-0.9006486535072327	-0.408359169960022	0.14857624471187592
0.22387400269508362	-0.5100964307785034	-12.425943374633789	0.626990795135498	0.24336540699005127	1.0	0	0.0	0	0.0	0	-0.29341065883636475	0.9030603170394897	0.3136753737926483	-0.19233320653438568	0.2706201672554016	-0.9432775974273682	-0.9367348551750183	-0.3371020257472992	0.09428678452968597
-3.8622779846191406	-0.2524254322052002	-8.743804931640625	0.9350258708000183	0.18182018399238586	1.0	11	0.0	0	0.0	0	-0.913550853729248	-0.4067245125770569	0.0	0.14342288672924042	0.062476832419633865	-0.9876875281333923	0.4067241847515106	-0.9135501384735107	0.0012735184282064438
-3.94873309135437	0.15431156754493713	-8.743804931640625	0.9351199865341187	0.19999966025352478	1.0	11	0.0	0	0.0	0	-1.0	0.0	0.0	0.15606965124607086	0.06851492077112198	-0.985366940498352	0.0	-0.9975913166999817	-0.06936491280794144
-3.8997890949249268	0.15431156754493713	-9.05282211303711	0.9489490389823914	0.1991274654865265	1.0	11	0.0	0	0.0	0	-0.9529630541801453	0.0	-0.3030864894390106	0.1560686081647873	0.06851428747177124	-0.9853671789169312	0.02100314013659954	-0.9975959658622742	-0.06603796780109406
0.9728620052337646	1.863964557647705	-7.2191877365112305	0.3445465564727783	0.27727770805358887	1.0	0	0.0	0	0.0	0	0.4944082200527191	0.856333315372467	0.14917699992656708	0.8647629022598267	-0.5020568370819092	-0.011143343523144722	0.06535345315933228	0.13451319932937622	-0.9887543320655823
0.20338399708271027	-1.7561475038528442	-7.2191877365112305	0.40377795696258545	0.4313781261444092	1.0	0	0.0	0	0.0	0	0.10333863645792007	-0.9833956360816956	0.14917877316474915	0.9835364818572998	0.06605279445648193	0.168205127120018	-0.17560122907161713	0.12958815693855286	0.97589510679245
1.5741239786148071	-0.9647504687309265	-7.2191877365112305	0.4358041286468506	0.36845481395721436	1.0	0	0.0	0	0.0	0	0.7999664545059204	-0.5812056064605713	0.14917732775211334	0.3072088658809662	0.06600502878427505	0.9493503570556641	-0.5993000268936157	-0.7615056037902832	0.2468777596950531
1.9046770334243774	1.2121294736862183	-6.447752952575684	0.8256106376647949	0.02228987216949463	1.0	4	0.0	0	0.0	0	0.0	0.0	-1.0	-0.9931244850158691	0.11706285923719406	0.0	0.11706285923719406	0.9931244850158691	0.0
2.0605340003967285	0.8011035919189453	-6.447752952575684	0.8165597915649414	0.03968477249145508	1.0	4	0.0	0	0.0	0	0.0	0.0	-1.0	-0.9931244850158691	0.11706286668777466	0.0	0.11706286668777466	0.9931244850158691	0.0
-0.02661300078034401	0.8011035919189453	-6.447752952575684	0.9090217351913452	0.050583600997924805	1.0	4	0.0	0	0.0	0	0.0	0.0	-1.0	-0.9931245446205139	0.11706287413835526	0.0	0.11706287413835526	0.9931245446205139	0.0
-0.37292900681495667	1.9335225820541382	-12.107580184936523	0.11212551593780518	0.4312412738800049	1.0	0	0.0	0	0.0	0	-0.12210722267627716	0.5738215446472168	-0.8098263144493103	0.7780584692955017	0.557409942150116	0.2896883487701416	0.6176639795303345	-0.5947473645210266	-0.5145549178123474
-2.300000051036477e-05	1.9727165699005127	-12.107580184936523	0.1266106367111206	0.4228782653808594	1.0	0	0.0	0	0.0	0	0.0001220772392116487	0.6060524582862854	-0.79542475938797	0.7474075555801392	0.5296491980552673	0.4010657072067261	0.6643643379211426	-0.5945566892623901	-0.45290446281433105
-2.099999983329326e-05	1.8206995725631714	-12.174545288085938	0.12263059616088867	0.4173849821090698	1.0	0	0.0	0	0.0	0	-0.010437693446874619	0.274004727602005	-0.9616717100143433	0.7991161346435547	0.5755490064620972	0.17365702986717224	0.6011655330657959	-0.7667940855026245	-0.22500400245189667
1.9032059907913208	0.5834565758705139	-7.2191877365112305	0.4104727506637573	0.3025510311126709	1.0	0	0.0	0	0.0	0	0.9672049283981323	0.20557530224323273	0.14917638897895813	0.2476656436920166	-0.9467427134513855	0.205766960978508	0.18405914306640625	-0.16253823041915894	-0.9693830609321594
1.8857289552688599	0.9388526082038879	-12.354850769042969	0.3849515914916992	0.1869657039642334	1.0	9	0.0	0	0.0	0	-0.5154995322227478	0.6062024831771851	-0.6056226491928101	0.32564303278923035	-0.614240825176239	-0.718794047832489	-0.8122144937515259	-0.5709049105644226	0.1198967695236206
2.1091740131378174	0.9056395888328552	-12.578295707702637	0.3909693956375122	0.19508647918701172	1.0	9	0.0	0	0.0	0	-0.4337725341320038	0.5716593265533447	-0.6964532732963562	0.3548697233200073	-0.668163001537323	-0.6539309024810791	-0.8418996930122375	-0.532534122467041	0.08724907040596008
1.8994179964065552	0.560977578163147	-12.629676818847656	0.4001395106315613	0.17960214614868164	1.0	9	0.0	0	0.0	0	-0.5965014696121216	0.31157246232032776	-0.7396679520606995	0.35486915707588196	-0.6681617498397827	-0.653932511806488	-0.6993914842605591	-0.6538905501365662	0.2885805070400238
1.2079449892044067	-0.19259943068027496	-15.308671951293945	0.9363069534301758	0.6301023960113525	1.0	0	0.0	0	0.0	0	-0.09958437830209732	-0.9477453827857971	-0.3030868470668793	-0.22635945677757263	0.46287772059440613	-0.8570330739021301	0.9644083976745605	-0.016949091106653214	-0.26387351751327515
0.8318290114402771	-0.07039143145084381	-15.308671951293945	0.9367275238037109	0.6428847312927246	1.0	0	0.0	0	0.0	0	-0.47646549344062805	-0.8252997398376465	-0.30308598279953003	-0.2081909030675888	0.582482635974884	-0.7857293486595154	0.8336180448532104	-0.31452304124832153	-0.45404425263404846
0.902849018573761	0.05261756479740143	-15.58743953704834	0.9492583274841309	0.6376278400421143	1.0	0	0.0	0	0.0	0	-0.40797674655914307	-0.7066347599029541	-0.5781196355819702	-0.20818720757961273	0.5824804902076721	-0.7857319116592407	0.8993180394172668	-0.20185278356075287	-0.38792088627815247
1.493893027305603	0.17891757190227509	-12.175943374633789	0.5671399831771851	0.6923344135284424	1.0	0	0.0	0	0.0	0	0.5978395342826843	0.0	0.8016158938407898	-0.42937523126602173	0.8427071571350098	0.32477954030036926	-0.6755318641662598	-0.5383636355400085	0.5038069486618042
1.3545089960098267	0.17891757190227509	-12.104923248291016	0.5699559450149536	0.6867930889129639	1.0	0	0.0	0	0.0	0	0.32301318645477295	0.0	0.9463944435119629	-0.44786497950553894	0.8801690936088562	0.15722374618053436	-0.832994282245636	-0.47464635968208313	0.28430867195129395
1.2882150411605835	-0.23964841663837433	-12.104923248291016	0.5546623468399048	0.6756817102432251	1.0	0	0.0	0	0.0	0	0.3072049021720886	-0.0997973382472992	0.9463961720466614	-0.4397217035293579	0.8652966022491455	0.24063795804977417	-0.8429450988769531	-0.49008578062057495	0.22194470465183258
1.6012500524520874	-0.15126143395900726	-14.690637588500977	0.9085216522216797	0.6135485172271729	1.0	0	0.0	0	0.0	0	0.2944781184196472	-0.9063236117362976	0.30308446288108826	0.06576269119977951	-0.14308930933475494	-0.987522542476654	0.9491581320762634	0.3143034875392914	0.017666159197688103
1.6163740158081055	-0.19780944287776947	-14.999654769897461	0.9222302436828613	0.6138019561767578	1.0	0	0.0	0	0.0	0	0.30900394916534424	-0.9510607719421387	0.0	0.06576142460107803	-0.14308954775333405	-0.9875226020812988	0.9508969783782959	0.3089507222175598	0.018556250259280205
1.9764879941940308	0.010102570056915283	-14.999654769897461	0.9222302436828613	0.5953085422515869	1.0	0	0.0	0	0.0	0	0.6691333651542664	-0.743142306804657	0.0	0.06827399134635925	-0.14877761900424957	-0.9865110516548157	0.7422342300415039	0.6683156490325928	-0.0494217649102211
-0.6435660123825073	-0.2886604070663452	-12.874344825744629	0.2281174659729004	0.6426787376403809	1.0	0	0.0	0	0.0	0	0.6500347256660461	0.47228920459747314	-0.595313310623169	-0.6050760746002197	-0.1663612574338913	-0.7785928845405579	-0.46677443385124207	0.8663526177406311	0.17763651907444
-0.7330570220947266	-0.3536794185638428	-12.984960556030273	0.23279762268066406	0.6442121267318726	1.0	0	0.0	0	0.0	0	0.4670979082584381	0.3393746614456177	-0.8164829015731812	-0.797068178653717	-0.2523954212665558	-0.5486154556274414	-0.39228251576423645	0.9070953726768494	0.15261906385421753
-0.8617600202560425	-0.10108543932437897	-12.984960556030273	0.23477590084075928	0.6317218542098999	1.0	0	0.0	0	0.0	0	0.5491057634353638	0.1784166395664215	-0.8164865970611572	-0.7825195789337158	-0.25320297479629517	-0.5688158273696899	-0.30823981761932373	0.95130854845047	0.0005793318268842995
-0.6890130043029785	-0.04495643079280853	-12.425943374633789	0.9215331077575684	0.6847054362297058	1.0	0	0.0	0	0.0	0	0.9030603170394897	0.29341065883636475	0.3136753737926483	-0.2364213764667511	-0.28276222944259644	0.929597020149231	0.36145350337028503	-0.9136525392532349	-0.18598498404026031
-0.58610999584198	-0.24691642820835114	-12.425943374633789	0.9214448928833008	0.6754089593887329	1.0	0	0.0	0	0.0	0	0.7681976556777954	0.5581038594245911	0.3136758804321289	-0.20895734429359436	-0.25230857729911804	0.944815993309021	0.6064559817314148	-0.7913600206375122	-0.07720392197370529
-0.5663120150566101	-0.23253242671489716	-12.580451965332031	0.914586067199707	0.6751244068145752	1.0	0	0.0	0	0.0	0	0.809030294418335	0.5877670049667358	0.0	0.001545975566841662	-0.002126661129295826	0.9999966025352478	0.5877649784088135	-0.8090275526046753	-0.0026292067486792803
0.37987399101257324	0.3480485677719116	-12.644182205200195	0.191092848777771	0.7482712268829346	1.0	0	0.0	0	0.0	0	0.2020367681980133	0.08993992954492569	0.9752393960952759	0.4986262023448944	-0.866343080997467	-0.02866649068892002	0.8423246741294861	0.4920780658721924	-0.21988245844841003
0.4158230125904083	0.17891757190227509	-12.644182205200195	0.19842839241027832	0.7506546974182129	1.0	0	0.0	0	0.0	0	0.2211422622203827	0.0	0.9752416014671326	0.490454763174057	-0.8607443571090698	-0.13628393411636353	0.8396846055984497	0.5086020231246948	-0.19040383398532867
0.7431449890136719	0.5097865462303162	-12.773386001586914	0.19293487071990967	0.7306270599365234	1.0	0	0.0	0	0.0	0	0.38207128643989563	0.1700841337442398	0.9083462953567505	0.49831587076187134	-0.865521252155304	-0.050539493560791016	0.7775999307632446	0.4719548523426056	-0.41544798016548157
0.5443199872970581	0.7834455966949463	-12.773386001586914	0.17792856693267822	0.7322043180465698	1.0	0	0.0	0	0.0	0	0.279834121465683	0.31078097224235535	0.9083545804023743	0.4974118173122406	-0.8547817468643188	0.14808665215969086	0.8224941492080688	0.4103999733924866	-0.39379605650901794
3.8780980110168457	-0.18330542743206024	-8.43478775024414	0.9591474533081055	0.06427216529846191	1.0	9	0.0	0	0.0	0	0.8705827593803406	-0.38759028911590576	0.3030833899974823	-0.08479610830545425	0.19039593636989594	0.9780383706092834	-0.4417019784450531	-0.8870400190353394	0.13438552618026733
3.9228100776672363	-0.2032124251127243	-8.743804931640625	0.9454267024993896	0.06572234630584717	1.0	9	0.0	0	0.0	0	0.913550853729248	-0.4067245125770569	0.0	-0.08479636907577515	0.19039638340473175	0.9780383110046387	-0.402652382850647	-0.90440434217453	0.1411517858505249
4.00926399230957	0.20352357625961304	-8.743804931640625	0.9449841976165771	0.07703113555908203	1.0	9	0.0	0	0.0	0	1.0	0.0	0.0	-0.15238219499588013	0.22610187530517578	0.9621109962463379	0.0	-0.973479688167572	0.2287735790014267
0.27823999524116516	0.48793458938598633	-12.644182205200195	0.18342208862304688	0.749077558517456	1.0	0	0.0	0	0.0	0	0.1479872316122055	0.16434548795223236	0.9752386212348938	0.5014954805374146	-0.8610181212425232	0.08455870300531387	0.8536933064460754	0.47661900520324707	-0.2098623663187027
0.2513769865036011	0.9525765776634216	-12.773386001586914	0.16486108303070068	0.7397488355636597	1.0	0	0.0	0	0.0	0	0.12921863794326782	0.39775776863098145	0.9083453416824341	0.48029980063438416	-0.8206689953804016	0.3095391094684601	0.8686951398849487	0.3963358402252197	-0.29713067412376404
0.0	1.0850255489349365	-12.984960556030273	0.18186652660369873	0.5932806730270386	1.0	0	0.0	0	0.0	0	0.0	-0.577366054058075	-0.8164855241775513	-0.9243423938751221	-0.3138137459754944	0.21705348789691925	-0.38154667615890503	0.754718005657196	-0.5336880683898926
0.0	1.224409580230713	-13.055980682373047	0.17993700504302979	0.587372899055481	1.0	0	0.0	0	0.0	0	0.0	-0.2947227358818054	-0.9555827975273132	-0.9465314745903015	-0.30928167700767517	0.09177698940038681	-0.32259494066238403	0.9044946432113647	-0.2789660096168518
0.32307499647140503	1.1732395887374878	-13.055980682373047	0.16693615913391113	0.5939971208572388	1.0	0	0.0	0	0.0	0	-0.10245367139577866	-0.3153876066207886	-0.9434160590171814	-0.9341846704483032	-0.3116947114467621	0.17362459003925323	-0.348976194858551	0.8995239734649658	-0.26281601190567017
0.0	-1.496611475944519	-12.734960556030273	0.10196113586425781	0.9118016958236694	1.0	0	0.0	0	0.0	0	0.0	-0.9525056481361389	-0.30452102422714233	-0.13965189456939697	0.29939645528793335	-0.9438533186912537	0.9902006387710571	0.04252704232931137	-0.1330195516347885
0.0	-1.5210834741592407	-12.580451965332031	0.09503889083862305	0.9122433662414551	1.0	0	0.0	0	0.0	0	0.0	-1.0	0.0	0.004705378320068121	2.26994004037806e-07	-0.9999889135360718	0.9999889135360718	0.0	0.004705378320068121
-0.5253289937973022	-1.4378794431686401	-12.580451965332031	0.09538650512695312	0.9317835569381714	1.0	0	0.0	0	0.0	0	-0.30900394916534424	-0.9510607719421387	0.0	0.004760608077049255	-0.0015467969933524728	-0.9999875426292419	0.9510489106178284	-0.3090001046657562	0.005005593877285719
1.3995029926300049	1.1105395555496216	-15.655444145202637	0.3919410705566406	0.041825294494628906	1.0	0	0.0	0	0.0	0	0.0	-1.0	0.0	-0.9899901151657104	0.0	0.1411372274160385	-0.1411372274160385	0.0	-0.9899901151657104
1.3995020389556885	1.1105395555496216	-13.54383659362793	0.40523552894592285	0.13502788543701172	1.0	0	0.0	0	0.0	0	0.0	-1.0	0.0	-0.9899901151657104	0.0	0.1411372274160385	-0.1411372274160385	0.0	-0.9899901151657104
-0.6087539792060852	1.1105395555496216	-16.307964324951172	0.4676632881164551	0.0003871917724609375	1.0	0	0.0	0	0.0	0	0.0	-1.0	0.0	-0.9899899959564209	0.0	0.14113721251487732	-0.14113721251487732	0.0	-0.9899899959564209
-0.5166289806365967	0.7532475590705872	-14.690637588500977	0.9016032218933105	0.8624476194381714	1.0	0	0.0	0	0.0	0	0.9529630541801453	0.0	0.3030864894390106	0.15238255262374878	-0.22610782086849213	-0.9621095657348633	0.06927651166915894	0.9735273718833923	-0.21781887114048004
-0.5988529920578003	0.3664175868034363	-14.690637588500977	0.9011821746826172	0.8732029795646667	1.0	0	0.0	0	0.0	0	0.8705827593803406	-0.38759028911590576	0.3030833899974823	0.0847935751080513	-0.19040095806121826	-0.9780375957489014	0.441703200340271	0.8870384693145752	-0.1343909353017807
-0.5541409850120544	0.3465105891227722	-14.999654769897461	0.9149026870727539	0.8717527389526367	1.0	0	0.0	0	0.0	0	0.913550853729248	-0.4067245125770569	0.0	0.0847930759191513	-0.19040124118328094	-0.9780376553535461	0.4026520550251007	0.9044036269187927	-0.1411576122045517
1.1589679718017578	-1.1082464456558228	-13.60047721862793	0.27738189697265625	0.6843591928482056	1.0	0	0.0	0	0.0	0	0.5817611217498779	-0.6460960507392883	0.4940788149833679	0.2189086377620697	-0.45354947447776794	-0.8639281392097473	0.7822861671447754	0.6107707023620605	-0.12242400646209717
0.5352330207824707	-1.468360424041748	-13.60047721862793	0.27716636657714844	0.7163897752761841	1.0	0	0.0	0	0.0	0	0.26866307854652405	-0.8268645405769348	0.4940800666809082	0.2162885218858719	-0.4420304596424103	-0.8705333471298218	0.9382315874099731	0.3407512605190277	0.060085322707891464
0.587785005569458	-1.6300984621047974	-13.982443809509277	0.29395103454589844	0.7174594402313232	1.0	0	0.0	0	0.0	0	0.2942934036254883	-0.9057389497756958	0.3050055503845215	0.1354222595691681	-0.27275988459587097	-0.9525034427642822	0.9459189772605896	0.32162216305732727	0.04238605871796608
-1.6221940517425537	0.4856305718421936	-14.048599243164062	0.4066377878189087	0.827467679977417	1.0	0	0.0	0	0.0	0	-0.1637958586215973	-0.28373584151268005	0.9448094964027405	0.49840453267097473	-0.8633421063423157	-0.0789506658911705	0.8414138555526733	0.4597790837287903	0.2839471101760864
-1.499987006187439	0.4459225535392761	-14.048599243164062	0.4108973741531372	0.8236322999000549	1.0	0	0.0	0	0.0	0	-0.03424244746565819	-0.325822114944458	0.9448108673095703	0.4958864152431488	-0.8590353727340698	-0.127102330327034	0.861874520778656	0.46897438168525696	0.19296446442604065
-1.4676860570907593	0.7532475590705872	-13.999654769897461	0.39975011348724365	0.8155311942100525	1.0	0	0.0	0	0.0	0	0.0	0.0	1.0	0.49999868869781494	-0.8660262227058411	2.579621707354818e-07	0.8660262227058411	0.49999868869781494	0.0
3.5462329387664795	-0.035549432039260864	-7.934787750244141	0.4498708248138428	0.892928421497345	1.0	9	0.0	0	0.0	0	0.5491005778312683	-0.2444584220647812	0.7992050647735596	-0.38720008730888367	0.6748525500297546	0.6282119154930115	-0.6983492970466614	-0.6595339179039001	0.2780705690383911
3.748337984085083	-0.12553243339061737	-8.15601921081543	0.4419078826904297	0.8987346291542053	1.0	9	0.0	0	0.0	0	0.7454061508178711	-0.33186808228492737	0.578129231929779	-0.38719770312309265	0.6748540997505188	0.6282116770744324	-0.6054306030273438	-0.6999785304069519	0.37879276275634766
3.8182809352874756	0.20352357625961304	-8.15601921081543	0.45305967330932617	0.9087757468223572	1.0	9	0.0	0	0.0	0	0.8159525394439697	0.0	0.5781189203262329	-0.44341179728507996	0.7789557576179504	0.44341179728507996	-0.4528542459011078	-0.6216139793395996	0.6391549110412598
-2.3979599475860596	0.9509825706481934	-14.690637588500977	0.9923325777053833	0.9875450134277344	1.0	0	0.0	0	0.0	0	-0.9321401715278625	0.19812899827957153	0.3030836284160614	0.2043447643518448	0.9786364436149597	-0.02266893908381462	-0.3011018633842468	0.04080317169427872	-0.9527186155319214
-2.4458329677581787	0.9611585736274719	-14.999654769897461	0.9935957193374634	0.9738073348999023	1.0	0	0.0	0	0.0	0	-0.9781503081321716	0.20789889991283417	0.0	0.20434658229351044	0.9786364436149597	-0.022656088694930077	-0.004710206761956215	-0.022161204367876053	-0.9997434020042419
-2.4458329677581787	0.545335590839386	-14.999654769897461	0.9765794277191162	0.9739913940429688	1.0	0	0.0	0	0.0	0	-0.9781503081321716	-0.20789889991283417	0.0	-0.20712213218212128	0.9783019423484802	0.005076760891824961	-0.0010554533218964934	0.004965836647897959	-0.9999871850013733
-0.33640798926353455	-0.06549742817878723	-12.644182205200195	0.191092848777771	0.7851657867431641	1.0	0	0.0	0	0.0	0	-0.17890384793281555	-0.12998148798942566	0.9752426743507385	0.5009327530860901	-0.8650111556053162	-0.028673311695456505	0.8473340272903442	0.4834076166152954	0.2198687195777893
-0.20791199803352356	-0.1811964362859726	-12.644182205200195	0.19842839241027832	0.7827823162078857	1.0	0	0.0	0	0.0	0	-0.11057127267122269	-0.19150835275650024	0.9752429127693176	0.5000882148742676	-0.855181097984314	-0.13629835844039917	0.860368549823761	0.47277799248695374	0.19038639962673187
0.0	0.17891757190227509	-12.60047721862793	0.18915808200836182	0.7667195796966553	1.0	0	0.0	0	0.0	0	0.0	0.0	1.0	0.49999821186065674	-0.8660264611244202	-4.356198246568965e-07	0.8660264611244202	0.49999821186065674	0.0
-1.1586689949035645	-0.19780944287776947	-14.999654769897461	0.9146604537963867	0.9065573215484619	1.0	0	0.0	0	0.0	0	0.30900394916534424	-0.9510607719421387	0.0	-0.07045537233352661	0.14154790341854095	-0.9874209761619568	0.9507967829704285	0.30891817808151245	-0.02355836145579815
-1.1737929582595825	-0.15126143395900726	-15.308671951293945	0.9285063743591309	0.9062355756759644	1.0	0	0.0	0	0.0	0	0.2944781184196472	-0.9063236117362976	-0.30308446288108826	-0.07045535743236542	0.1415478140115738	-0.9874210357666016	0.9485903382301331	0.315711110830307	-0.022427169606089592
-0.8313050270080566	0.046474575996398926	-15.308671951293945	0.9285063743591309	0.8886473774909973	1.0	0	0.0	0	0.0	0	0.6376597285270691	-0.7081887125968933	-0.3030821681022644	-0.072097048163414	0.1453864425420761	-0.9867445826530457	0.7513813376426697	0.6585221290588379	0.042126208543777466
-3.1795730590820312	-0.9969434142112732	-11.653745651245117	0.49403905868530273	0.15963202714920044	1.0	11	0.0	0	0.0	0	-0.42253682017326355	-0.9063254594802856	0.006073299329727888	0.6861950755119324	-0.31205031275749207	0.6570851802825928	-0.5936408042907715	0.28181153535842896	0.753772497177124
-2.9094159603118896	-1.0574554204940796	-11.951709747314453	0.49094057083129883	0.1755903959274292	1.0	11	0.0	0	0.0	0	-0.21848618984222412	-0.9510665535926819	-0.21848618984222412	0.6861954927444458	-0.31205037236213684	0.6570847034454346	-0.6931137442588806	-0.006360344123095274	0.7208001613616943
-2.529268980026245	-1.1139605045318604	-11.571562767028809	0.5132660865783691	0.17446810007095337	1.0	11	0.0	0	0.0	0	-0.07388672977685928	-0.9945257306098938	-0.07388672977685928	0.7386167645454407	-0.11243624985218048	0.664682924747467	-0.6693740487098694	-0.005462910048663616	0.7429055571556091
1.3995029926300049	1.1105395555496216	-15.655444145202637	0.3919410705566406	0.041825294494628906	1.0	0	0.0	0	0.0	0	0.0	-1.0	0.0	-0.9899855256080627	0.0	0.1411687135696411	-0.1411687135696411	0.0	-0.9899855256080627
