3371	3484	12
0.17484404146671295	6.705782413482666	-0.14959320425987244	0.9243760108947754	0.5082182884216309	1.0	0	0.0	0	0.0	0	-0.9529630541801453	-0.3030864894390106	0.0	-0.15467019379138947	0.9765494465827942	-0.1497606635093689	0.04589993506669998	-0.1443183422088623	-0.988466203212738
0.1524922102689743	6.846907615661621	-0.14959320425987244	0.9381136894226074	0.5099091529846191	1.0	0	0.0	0	0.0	0	-1.0	0.0	0.0	-0.15466994047164917	0.9765497446060181	-0.14975948631763458	0.0	-0.15158361196517944	-0.988444447517395
0.1919749230146408	6.846907615661621	-0.3353458642959595	0.9378061294555664	0.49532365798950195	1.0	0	0.0	0	0.0	0	-0.913550853729248	0.0	-0.4067245125770569	-0.11051666736602783	0.9846355319023132	-0.13519985973834991	0.4054360091686249	-0.07953525334596634	-0.910656750202179
-0.4734190106391907	6.578470706939697	0.17037823796272278	0.896845817565918	0.6377582550048828	1.0	0	0.0	0	0.0	0	0.4079839289188385	-0.5780993103981018	0.7066472172737122	-0.20368845760822296	0.78789222240448	0.5811513662338257	-0.9001190662384033	-0.3841922879219055	0.2053823322057724
-0.4409847855567932	6.705782413482666	0.22655534744262695	0.9091730117797852	0.6429531574249268	1.0	0	0.0	0	0.0	0	0.47646549344062805	-0.30308598279953003	0.8252997398376465	-0.2036876678466797	0.787892758846283	0.5811507701873779	-0.8350622057914734	-0.44967353343963623	0.3169619143009186
-0.6127536296844482	6.705782413482666	0.28236663341522217	0.9087519645690918	0.6301708221435547	1.0	0	0.0	0	0.0	0	0.09958437830209732	-0.3030868470668793	0.9477453827857971	-0.22166606783866882	0.858203113079071	0.46298128366470337	-0.9655956029891968	-0.25938916206359863	0.018507912755012512
0.5670047998428345	5.74207878112793	-0.3436434864997864	0.34365320205688477	0.9673659205436707	1.0	0	0.0	0	0.0	0	0.809030294418335	0.0	-0.5877670049667358	-0.000707277562469244	-0.9999992847442627	-0.0009737418149597943	-0.5877665877342224	0.001203501014970243	-0.8090296983718872
0.6772810816764832	5.74207878112793	-0.12721490859985352	0.34496164321899414	0.9884046316146851	1.0	0	0.0	0	0.0	0	0.9510607719421387	0.0	-0.30900394916534424	-0.0003875631664413959	-0.9999991655349731	-0.0011912884656339884	-0.30900371074676514	0.001252746325917542	-0.9510599970817566
0.6666520833969116	5.671516418457031	-0.12376141548156738	0.3519101142883301	0.9877626299858093	1.0	0	0.0	0	0.0	0	0.9058930277824402	-0.3045177459716797	-0.29432442784309387	-0.2210228145122528	-0.9344601631164551	0.27916520833969116	-0.36004602909088135	-0.18784183263778687	-0.9138283729553223
1.5761940479278564	3.8487906455993652	-0.1988409459590912	0.54469895362854	0.9593465328216553	1.0	11	0.0	0	0.0	0	0.6376597285270691	-0.3030821681022644	-0.7081887125968933	-0.7455615997314453	-0.025067977607250214	-0.6659650802612305	0.18409064412117004	0.9526644349098206	-0.241953045129776
1.5911502838134766	3.9899160861968994	-0.21545171737670898	0.5442883968353271	0.9454045295715332	1.0	11	0.0	0	0.0	0	0.6691333651542664	0.0	-0.743142306804657	-0.7455621957778931	-0.025065310299396515	-0.6659645438194275	-0.018627241253852844	0.9996858835220337	-0.01677216961979866
1.7027722597122192	3.9899160861968994	-0.06181720271706581	0.5267117023468018	0.9463248252868652	1.0	11	0.0	0	0.0	0	0.913550853729248	0.0	-0.4067245125770569	-0.41729241609573364	-0.08286774903535843	-0.9049861431121826	-0.03370725363492966	0.9965599179267883	-0.07571043819189072
-0.2304464876651764	5.970424175262451	0.6339049935340881	0.19434571266174316	0.685258150100708	1.0	0	0.0	0	0.0	0	-0.004913595970720053	0.999871015548706	0.015290134586393833	0.9510566592216492	-1.075392992788693e-05	0.3090166747570038	0.30897700786590576	0.01606016792356968	-0.9509338736534119
-0.5044612288475037	5.970424175262451	0.4348219335079193	0.16288220882415771	0.6750348806381226	1.0	0	0.0	0	0.0	0	-0.013336814008653164	0.9998643398284912	0.009674531407654285	0.9509212970733643	0.015086415223777294	0.30906474590301514	0.30888134241104126	0.013321849517524242	-0.9510072469711304
-0.4246954917907715	5.9592485427856445	0.6131497025489807	0.17567729949951172	0.6891912221908569	1.0	0	0.0	0	0.0	0	-0.18189407885074615	0.9509154558181763	0.2503485083580017	0.9451233148574829	0.1073523536324501	0.30857324600219727	0.2665588855743408	0.2927459180355072	-0.9182844161987305
-0.23458094894886017	5.771183967590332	0.18993833661079407	0.20416033267974854	0.7558157444000244	1.0	0	0.0	0	0.0	0	-0.2020367681980133	-0.9752393960952759	0.08993992954492569	-0.4825012683868408	0.21834729611873627	0.8482434153556824	-0.847528874874115	0.12807852029800415	-0.5150636434555054
-0.4004836082458496	5.8301897048950195	0.263803094625473	0.21849870681762695	0.7453862428665161	1.0	0	0.0	0	0.0	0	-0.38207128643989563	-0.9083462953567505	0.1700841337442398	-0.46045494079589844	0.36702561378479004	0.8082533478736877	-0.7967583537101746	0.23054036498069763	-0.5585940480232239
-0.43260180950164795	5.8301897048950195	0.11269818991422653	0.20728540420532227	0.7352898120880127	1.0	0	0.0	0	0.0	0	-0.41820839047431946	-0.9083511829376221	0.0	-0.48161712288856506	0.2358425259590149	0.8440515995025635	-0.7667582631111145	0.35301846265792847	-0.5361528396606445
1.4144889116287231	3.555577039718628	0.06653492152690887	0.9562279582023621	0.10481023788452148	1.0	11	0.0	0	0.0	0	0.29930049180984497	-0.9448093771934509	-0.1332462579011917	0.4959898293018341	0.12710243463516235	-0.8589757084846497	0.8370850682258606	0.1929813027381897	0.5119051337242126
1.4266897439956665	3.555577039718628	0.12393549084663391	0.9519683122634888	0.10097503662109375	1.0	11	0.0	0	0.0	0	0.32762205600738525	-0.9448089003562927	0.0	0.49847179651260376	0.0789499580860138	-0.8633034229278564	0.8188857436180115	0.283956915140152	0.4987931549549103
1.2855645418167114	3.5332248210906982	0.12393549084663391	0.9450715184211731	0.11291146278381348	1.0	11	0.0	0	0.0	0	0.0	-1.0	0.0	0.5000010132789612	-2.6012632048377782e-08	-0.8660247921943665	0.8660247921943665	0.0	0.5000010132789612
-0.29675719141960144	6.578470706939697	-0.22641043365001678	0.9943938255310059	0.8251867294311523	1.0	0	0.0	0	0.0	0	0.7981417775154114	-0.5780973434448242	-0.16962647438049316	-0.16956371068954468	0.0754472017288208	-0.9826269745826721	0.5808956027030945	0.8130994439125061	-0.03780961036682129
-0.23330682516098022	6.705782413482666	-0.2398969680070877	0.9980661869049072	0.8128805160522461	1.0	0	0.0	0	0.0	0	0.9321401715278625	-0.3030836284160614	-0.19812899827957153	-0.16957050561904907	0.07543196529150009	-0.9826270341873169	0.3127930462360382	0.9496328234672546	0.018920907750725746
-0.23330681025981903	6.705782413482666	-0.059288933873176575	0.9818826913833618	0.8130559921264648	1.0	0	0.0	0	0.0	0	0.9321401715278625	-0.3030836284160614	0.19812899827957153	0.20537328720092773	-0.005086979828774929	-0.9786704778671265	0.2976270020008087	0.952948808670044	0.05750352516770363
-0.29675716161727905	6.578470706939697	-0.07277548313140869	0.9806272983551025	0.8253355026245117	1.0	0	0.0	0	0.0	0	0.7981417775154114	-0.5780973434448242	0.16962647438049316	0.20537811517715454	-0.005078944377601147	-0.9786695837974548	0.5666280388832092	0.8159549236297607	0.11467485874891281
-0.30676692724227905	6.705782413482666	0.10570482909679413	0.9642425179481506	0.8130559921264648	1.0	0	0.0	0	0.0	0	0.770976722240448	-0.30308642983436584	0.5601193904876709	0.5898767709732056	0.00509535800665617	-0.8074772357940674	0.24188145995140076	0.9529479146003723	0.18271209299564362
-0.29007309675216675	7.444400787353516	-0.3127652406692505	0.42353391647338867	0.007372856140136719	1.0	0	0.0	0	0.0	0	9.511299481346214e-08	6.910318006703164e-08	1.0	0.9899696111679077	-0.1412806659936905	-8.439603504939441e-08	0.1412806659936905	0.9899696111679077	-8.184767352759081e-08
-0.5187543034553528	7.327882766723633	-0.3127652108669281	0.40523552894592285	0.021785736083984375	1.0	0	0.0	0	0.0	0	9.511299481346214e-08	6.910318006703164e-08	1.0	0.9899695515632629	-0.14128068089485168	-8.439602794396706e-08	0.14128068089485168	0.9899695515632629	-8.184767352759081e-08
-0.7002364993095398	7.146400451660156	-0.3127651810646057	0.3919410705566406	0.041825294494628906	1.0	0	0.0	0	0.0	0	9.511299481346214e-08	6.910318006703164e-08	1.0	0.9899696111679077	-0.1412806659936905	-8.439603504939441e-08	0.1412806659936905	0.9899696111679077	-8.184767352759081e-08
0.7837486267089844	6.664223670959473	-0.3127652704715729	0.527756929397583	0.0679788589477539	1.0	0	0.0	0	0.0	0	1.0898945390636072e-07	3.541280690910753e-08	1.0	0.9899882674217224	-0.14114981889724731	-1.0289976870581086e-07	0.14114981889724731	0.9899882674217224	-5.0442103827208484e-08
0.6270802617073059	7.14639949798584	-0.3127652704715729	0.5074727535247803	0.02353668212890625	1.0	0	0.0	0	0.0	0	1.0898945390636072e-07	3.541280690910753e-08	1.0	0.9899882078170776	-0.14114980399608612	-1.028997616003835e-07	0.14114980399608612	0.9899882078170776	-5.0442096721781127e-08
0.21691666543483734	5.88404655456543	-0.3127651810646057	0.48917436599731445	0.15119171142578125	1.0	0	0.0	0	0.0	0	1.0898945390636072e-07	3.541280690910753e-08	1.0	0.9899882674217224	-0.14114981889724731	-1.0289976870581086e-07	0.14114981889724731	0.9899882674217224	-5.0442103827208484e-08
-1.2182307243347168	3.6204452514648438	0.2592436671257019	0.46834230422973633	0.8514408469200134	1.0	9	0.0	0	0.0	0	0.4862634837627411	-0.7992079854011536	0.35329103469848633	0.4992924630641937	-0.10181357711553574	-0.8604307770729065	0.7237802147865295	0.594912588596344	0.3496014475822449
-1.136492133140564	3.721479654312134	0.3186303377151489	0.4673314094543457	0.8416318297386169	1.0	9	0.0	0	0.0	0	0.6601334810256958	-0.5780974626541138	0.47961151599884033	0.4992932081222534	-0.1018134206533432	-0.8604303598403931	0.546403706073761	0.8077024221420288	0.2214946150779724
-1.2506650686264038	3.721479654312134	0.42143192887306213	0.45305967330932617	0.8462690711021423	1.0	9	0.0	0	0.0	0	0.40797674655914307	-0.5781196355819702	0.7066347599029541	0.45239564776420593	-0.44374319911003113	-0.7735826373100281	0.765060305595398	0.6388499140739441	0.08095400035381317
-1.7409863471984863	3.9899160861968994	-0.23792655766010284	0.8022952675819397	0.9431847929954529	1.0	9	0.0	0	0.0	0	-0.6691333651542664	0.0	-0.743142306804657	0.10108031332492828	0.987676739692688	0.11948878318071365	0.7431334853172302	0.004897160921245813	-0.6691253185272217
-1.852608561515808	3.9899160861968994	-0.08429205417633057	0.8024041652679443	0.9611703753471375	1.0	9	0.0	0	0.0	0	-0.913550853729248	0.0	-0.4067245125770569	0.11149393022060394	0.984815239906311	0.1330716460943222	0.4055117964744568	0.07716486603021622	-0.9108269214630127
-1.8321888446807861	4.131041526794434	-0.07520070672035217	0.8162394762039185	0.9602226614952087	1.0	9	0.0	0	0.0	0	-0.8705827593803406	0.3030833899974823	-0.38759028911590576	0.11149255931377411	0.9848151803016663	0.1330735683441162	0.42685621976852417	0.07346753776073456	-0.901330292224884
-1.2438346147537231	5.281328201293945	0.7031440734863281	0.8455965518951416	0.5161438584327698	1.0	9	0.0	0	0.0	0	-0.07388672977685928	0.07388672977685928	0.9945257306098938	-0.5067160129547119	0.8508657217025757	-0.1388033926486969	-0.8570740222930908	-0.5145643353462219	-0.025446217507123947
-1.1162546873092651	5.413203716278076	0.6742454767227173	0.8515832424163818	0.531538188457489	1.0	9	0.0	0	0.0	0	0.13947205245494843	0.2806226313114166	0.9496306777000427	-0.506715714931488	0.85086590051651	-0.1388033777475357	-0.8475179672241211	-0.46213799715042114	0.2610398530960083
-1.281367301940918	5.5783162117004395	0.649703323841095	0.873328447341919	0.52655029296875	1.0	9	0.0	0	0.0	0	0.006073299329727888	0.42253682017326355	0.9063254594802856	-0.4142245650291443	0.8443600535392761	-0.3398149311542511	-0.9098238945007324	-0.37375882267951965	0.18034635484218597
0.6270802617073059	7.14639949798584	-0.3127652704715729	0.5074727535247803	0.02353668212890625	1.0	0	0.0	0	0.0	0	2.657033917330409e-07	2.6570199906927883e-07	1.0	0.9900028705596924	-0.14104732871055603	-2.255705737752578e-07	0.14104732871055603	0.9900028705596924	-3.005224868957157e-07
0.44559794664382935	7.327882766723633	-0.3127652704715729	0.48917436599731445	0.008498191833496094	1.0	0	0.0	0	0.0	0	2.657033917330409e-07	2.6570199906927883e-07	1.0	0.9900028705596924	-0.14104732871055603	-2.255705737752578e-07	0.14104732871055603	0.9900028705596924	-3.005224868957157e-07
0.21691666543483734	7.444400787353516	-0.3127652406692505	0.4676632881164551	0.0003871917724609375	1.0	0	0.0	0	0.0	0	2.657033917330409e-07	2.6570199906927883e-07	1.0	0.9900029301643372	-0.14104732871055603	-2.255705737752578e-07	0.14104732871055603	0.9900029301643372	-3.0052251531742513e-07
-0.23330682516098022	6.988032817840576	-0.2398970127105713	0.9980597496032715	0.7853193283081055	1.0	0	0.0	0	0.0	0	0.9321401715278625	0.3030836284160614	-0.19812899827957153	-0.15912798047065735	-0.09548211842775345	-0.9826299548149109	-0.3167848587036133	0.9476203918457031	-0.040779806673526764
-0.29675719141960144	7.115344047546387	-0.22641043365001678	0.9943816661834717	0.7727632522583008	1.0	0	0.0	0	0.0	0	0.7981417775154114	0.5780973434448242	-0.16962647438049316	-0.15913620591163635	-0.09546622633934021	-0.9826300144195557	-0.5843198895454407	0.8113695979118347	0.015802526846528053
-0.29675716161727905	7.115344047546387	-0.07277551293373108	0.9806151390075684	0.7729120254516602	1.0	0	0.0	0	0.0	0	0.7981417775154114	0.5780973434448242	0.16962647438049316	0.2103893905878067	-0.004976860247552395	-0.9776049852371216	-0.5643068552017212	0.8159553408622742	-0.12559781968593597
-1.3713834285736084	5.818592071533203	-0.056995272636413574	0.40350592136383057	0.6113996505737305	1.0	9	0.0	0	0.0	0	-0.42437076568603516	0.7145176529884338	-0.5562140941619873	-0.7384007573127747	0.08383823186159134	0.6691304445266724	0.5247378349304199	0.6946686506271362	0.4920221269130707
-1.2896581888198853	5.809494495391846	-0.10447106510400772	0.3943670988082886	0.6114673614501953	1.0	9	0.0	0	0.0	0	-0.15650194883346558	0.6846960783004761	-0.7118275165557861	-0.9468579292297363	0.08939613401889801	0.30897974967956543	0.27520713210105896	0.7223955988883972	0.6343544721603394
-1.4715536832809448	4.175499439239502	-0.10447098314762115	0.3943670988082886	0.7719073295593262	1.0	9	0.0	0	0.0	0	-0.30711138248443604	0.0341811329126358	-0.9510595202445984	-0.9468585848808289	0.08939336240291595	0.3089786469936371	0.09557963907718658	0.9954096674919128	0.0049109794199466705
0.7837486267089844	6.664223670959473	-0.3127652704715729	0.527756929397583	0.0679788589477539	1.0	0	0.0	0	0.0	0	0.0	0.0	1.0	0.9900086522102356	-0.14100675284862518	0.0	0.14100675284862518	0.9900086522102356	0.0
0.7435990571975708	6.91771936416626	-0.3127652704715729	0.5207674503326416	0.044033050537109375	1.0	0	0.0	0	0.0	0	0.0	0.0	1.0	0.9900087118148804	-0.14100675284862518	0.0	0.14100675284862518	0.9900087118148804	0.0
0.6270802617073059	7.14639949798584	-0.3127652704715729	0.5074727535247803	0.02353668212890625	1.0	0	0.0	0	0.0	0	0.0	0.0	1.0	0.9900086522102356	-0.141006737947464	0.0	0.141006737947464	0.9900086522102356	0.0
1.623947024345398	5.012753486633301	-0.023641549050807953	0.7503242492675781	0.2749354839324951	1.0	11	0.0	0	0.0	0	0.8231045603752136	-0.5130593776702881	-0.24345219135284424	-0.5338790416717529	-0.6131519675254822	-0.5822524428367615	0.1494782269001007	0.6093156337738037	-0.7787109613418579
1.5772303342819214	4.966036319732666	-0.06178529933094978	0.757716178894043	0.2749354839324951	1.0	11	0.0	0	0.0	0	0.7396679520606995	-0.5965014696121216	-0.31157246232032776	-0.6829479336738586	-0.6036810278892517	-0.4112802743911743	0.05724707618355751	0.5170724987983704	-0.8540250658988953
1.553765058517456	5.061830043792725	-0.2191893309354782	0.7598371505737305	0.25992894172668457	1.0	11	0.0	0	0.0	0	0.6964532732963562	-0.4337725341320038	-0.5716593265533447	-0.6829503774642944	-0.6036751866340637	-0.41128459572792053	-0.16673050820827484	0.6770094633102417	-0.7168397903442383
0.15244291722774506	5.8762969970703125	0.4066089391708374	0.9013619422912598	0.665075421333313	1.0	0	0.0	0	0.0	0	-0.47228920459747314	0.595313310623169	-0.6500347256660461	-0.38763415813446045	-0.7976630330085754	-0.46203187108039856	-0.7935913801193237	0.033764224499464035	0.6075136065483093
0.05116845667362213	5.8762969970703125	0.45821133255958557	0.9014592170715332	0.654251217842102	1.0	0	0.0	0	0.0	0	-0.2482752948999405	0.5953114032745361	-0.7641751766204834	-0.3860252797603607	-0.779725968837738	-0.49296244978904724	-0.8893445730209351	0.17260657250881195	0.4234067499637604
0.06677907705307007	5.926814556121826	0.5062561631202698	0.8964023590087891	0.6524025201797485	1.0	0	0.0	0	0.0	0	-0.1784166395664215	0.8164865970611572	-0.5491057634353638	-0.5034162998199463	-0.5473464727401733	-0.66856849193573	-0.8464708924293518	0.1571529507637024	0.5087140202522278
-0.6434026956558228	6.41256856918335	-0.2899452745914459	0.8241848349571228	0.8792101740837097	1.0	0	0.0	0	0.0	0	0.03424244746565819	-0.9448108673095703	-0.325822114944458	0.45361292362213135	0.4219367504119873	-0.784987211227417	0.8863576054573059	-0.12190984189510345	0.44666334986686707
-0.7017645835876465	6.41256856918335	-0.28381097316741943	0.8208156824111938	0.8838474154472351	1.0	0	0.0	0	0.0	0	-0.1012323722243309	-0.9448150992393494	-0.31157106161117554	0.4739346206188202	0.3224477767944336	-0.8193982243537903	0.8788176774978638	-0.23171406984329224	0.4171188175678253
-0.7411057949066162	6.477436542510986	-0.40489068627357483	0.8291497230529785	0.8930920958518982	1.0	0	0.0	0	0.0	0	-0.18573802709579468	-0.7991985082626343	-0.5716495513916016	0.4739353060722351	0.3224480450153351	-0.8193976879119873	0.8455759286880493	-0.42633867263793945	0.3213045299053192
-1.0266493558883667	2.9413294792175293	0.03663192689418793	0.8118014335632324	0.05958902835845947	1.0	4	0.0	0	0.0	0	0.0	1.0	0.0	0.9931246638298035	0.0	-0.1170618012547493	-0.1170618012547493	0.0	-0.9931246638298035
-1.002123236656189	2.9413294792175293	0.2447122186422348	0.8118014335632324	0.08005404472351074	1.0	4	0.0	0	0.0	0	0.0	1.0	0.0	0.9931246638298035	0.0	-0.1170618012547493	-0.1170618012547493	0.0	-0.9931246638298035
-0.024415340274572372	2.9413294792175293	0.03663183003664017	0.9090217351913452	0.07104861736297607	1.0	4	0.0	0	0.0	0	0.0	1.0	0.0	0.9931246042251587	0.0	-0.1170617938041687	-0.1170617938041687	0.0	-0.9931246042251587
1.2150015830993652	3.555577039718628	0.24615378677845	0.9312915802001953	0.11291265487670898	1.0	11	0.0	0	0.0	0	-0.1637958586215973	-0.9448094964027405	0.28373584151268005	0.44528138637542725	-0.4539910852909088	-0.7717620730400085	0.8661512732505798	-6.980103353271261e-05	0.49978193640708923
1.1513460874557495	3.6204452514648438	0.35640808939933777	0.9188697934150696	0.11291623115539551	1.0	11	0.0	0	0.0	0	-0.3005223274230957	-0.7992056608200073	0.5205350518226624	0.4452817142009735	-0.45399197936058044	-0.7717613577842712	0.8661307096481323	-0.000149034196510911	0.49981752038002014
1.0683950185775757	3.6204452514648438	0.28171858191490173	0.9211365580558777	0.1235806941986084	1.0	11	0.0	0	0.0	0	-0.4862634837627411	-0.7992079854011536	0.35329103469848633	0.4530109167098999	-0.4219399094581604	-0.785332977771759	0.78691565990448	-0.22474826872348785	0.5746755599975586
-0.06109582260251045	5.607861042022705	0.4759921729564667	0.6210651397705078	0.23246890306472778	1.0	0	0.0	0	0.0	0	0.0	-0.5953019857406616	-0.8035020232200623	0.36707207560539246	0.7426272034645081	-0.5601454377174377	0.9301878809928894	-0.2949525713920593	0.2185257226228714
-0.17335963249206543	5.607861042022705	0.45821139216423035	0.6204533576965332	0.2424074411392212	1.0	0	0.0	0	0.0	0	0.2482752948999405	-0.5953114032745361	-0.7641751766204834	0.3587142825126648	0.7846037149429321	-0.5056887865066528	0.900648832321167	-0.1485757827758789	0.4083588421344757
-0.1633371114730835	5.671516418457031	0.42736461758613586	0.626990795135498	0.24336540699005127	1.0	0	0.0	0	0.0	0	0.29341065883636475	-0.3136753737926483	-0.9030603170394897	0.19233261048793793	0.9432780146598816	-0.27061912417411804	0.9367349743843079	-0.09428656846284866	0.3371019661426544
1.7027722597122192	3.9899160861968994	0.3096885681152344	0.9350258708000183	0.18182018399238586	1.0	11	0.0	0	0.0	0	0.913550853729248	0.0	0.4067245125770569	-0.1434215009212494	0.9876877069473267	-0.06247660145163536	-0.406724214553833	-0.0012731635943055153	0.9135501384735107
1.7422555685043335	3.9899160861968994	0.12393543869256973	0.9351199865341187	0.19999966025352478	1.0	11	0.0	0	0.0	0	1.0	0.0	0.0	-0.15606722235679626	0.9853672981262207	-0.06851495802402496	0.0	0.06936492770910263	0.9975913763046265
1.7199034690856934	4.131041526794434	0.12393542379140854	0.9489490389823914	0.1991274654865265	1.0	11	0.0	0	0.0	0	0.9529630541801453	0.3030864894390106	0.0	-0.1560666710138321	0.985367476940155	-0.06851435452699661	-0.02100316621363163	0.06603805720806122	0.997596025466919
-0.505393385887146	3.2936367988586426	-0.6568474769592285	0.3445465564727783	0.27727770805358887	1.0	0	0.0	0	0.0	0	-0.4944082200527191	-0.14917699992656708	-0.856333315372467	-0.8647629022598267	0.011143322102725506	0.5020567774772644	-0.06535347551107407	0.988754391670227	-0.13451319932937622
-0.15397945046424866	3.2936367988586426	0.9964249730110168	0.40377795696258545	0.4313781261444092	1.0	0	0.0	0	0.0	0	-0.10333863645792007	-0.14917877316474915	0.9833956360816956	-0.9835366010665894	-0.16820567846298218	-0.06605100631713867	0.175601527094841	-0.9758950471878052	-0.12958811223506927
-0.7799843549728394	3.2936367988586426	0.6350013017654419	0.4358041286468506	0.36845481395721436	1.0	0	0.0	0	0.0	0	-0.7999664545059204	-0.14917732775211334	0.5812056064605713	-0.30720844864845276	-0.9493501782417297	-0.06600971519947052	0.5992999076843262	-0.24688120186328888	0.761504590511322
-0.9309450387954712	2.9413294792175293	-0.3591601848602295	0.8256106376647949	0.02228987216949463	1.0	4	0.0	0	0.0	0	0.0	1.0	0.0	0.9931245446205139	0.0	-0.11706288903951645	-0.11706288903951645	0.0	-0.9931245446205139
-1.0021235942840576	2.9413294792175293	-0.17144836485385895	0.8165597915649414	0.03968477249145508	1.0	4	0.0	0	0.0	0	0.0	1.0	0.0	0.9931245446205139	0.0	-0.11706288903951645	-0.11706288903951645	0.0	-0.9931245446205139
-0.0489419586956501	2.9413294792175293	-0.1714484542608261	0.9090217351913452	0.050583600997924805	1.0	4	0.0	0	0.0	0	0.0	1.0	0.0	0.9931245446205139	0.0	-0.11706288158893585	-0.11706288158893585	0.0	-0.9931245446205139
0.10921746492385864	5.526122570037842	-0.6886141300201416	0.11212551593780518	0.4312412738800049	1.0	0	0.0	0	0.0	0	0.12210722267627716	0.8098263144493103	-0.5738215446472168	-0.7780588865280151	-0.28968724608421326	-0.5574097037315369	-0.6176632642745972	0.5145551562309265	0.5947479605674744
-0.061085425317287445	5.526122570037842	-0.7065136432647705	0.1266106367111206	0.4228782653808594	1.0	0	0.0	0	0.0	0	-0.0001220772392116487	0.79542475938797	-0.6060524582862854	-0.7474083304405212	-0.40106573700904846	-0.5296481251716614	-0.664363443851471	0.45290490984916687	0.5945572257041931
-0.06108633056282997	5.556704521179199	-0.6370887756347656	0.12263059616088867	0.4173849821090698	1.0	0	0.0	0	0.0	0	0.010437693446874619	0.9616717100143433	-0.274004727602005	-0.7991164922714233	-0.17365926504135132	-0.5755478739738464	-0.6011651158332825	0.22500410676002502	0.7667944431304932
-0.930273175239563	3.2936367988586426	-0.07205096632242203	0.4104727506637573	0.3025510311126709	1.0	0	0.0	0	0.0	0	-0.9672049283981323	-0.14917638897895813	-0.20557530224323273	-0.24766743183135986	-0.2057693898677826	0.9467417001724243	-0.1840595304965973	0.969382643699646	0.16254036128520966
-0.92229163646698	5.6390485763549805	-0.23435722291469574	0.3849515914916992	0.1869657039642334	1.0	9	0.0	0	0.0	0	0.5154995322227478	0.6056226491928101	-0.6062024831771851	-0.32564374804496765	0.7187934517860413	0.6142411828041077	0.8122143745422363	-0.1198965460062027	0.5709050297737122
-1.0243370532989502	5.74109411239624	-0.2191891372203827	0.3909693956375122	0.19508647918701172	1.0	9	0.0	0	0.0	0	0.4337725341320038	0.6964532732963562	-0.5716593265533447	-0.3548705279827118	0.6539297699928284	0.6681637763977051	0.841899573802948	-0.08724895119667053	0.5325341820716858
-0.9285432696342468	5.764559268951416	-0.06178511679172516	0.4001395106315613	0.17960214614868164	1.0	9	0.0	0	0.0	0	0.5965014696121216	0.7396679520606995	-0.31157246232032776	-0.35486871004104614	0.6539331674575806	0.6681614518165588	0.6993914246559143	-0.28858044743537903	0.6538905501365662
-0.6127536296844482	6.988032817840576	0.28236663341522217	0.9363069534301758	0.6301023960113525	1.0	0	0.0	0	0.0	0	0.09958437830209732	0.3030868470668793	0.9477453827857971	0.22635866701602936	0.8570337295532227	-0.4628768265247345	-0.9644085764884949	0.2638726234436035	0.016949398443102837
-0.4409847855567932	6.988032817840576	0.22655531764030457	0.9367275238037109	0.6428847312927246	1.0	0	0.0	0	0.0	0	0.47646549344062805	0.30308598279953003	0.8252997398376465	0.20819033682346344	0.7857309579849243	-0.5824806094169617	-0.8336185812950134	0.4540427029132843	0.3145239055156708
-0.4734190106391907	7.115344047546387	0.1703782081604004	0.9492583274841309	0.6376278400421143	1.0	0	0.0	0	0.0	0	0.4079839289188385	0.5780993103981018	0.7066472172737122	0.20818592607975006	0.7857328057289124	-0.5824796557426453	-0.8993136882781982	0.387925386428833	0.20186330378055573
-0.7433435916900635	5.557343006134033	0.11269824206829071	0.5671399831771851	0.6923344135284424	1.0	0	0.0	0	0.0	0	-0.5978199243545532	-0.8016304969787598	0.0	0.429374635219574	-0.3247808814048767	-0.8427069187164307	0.675544023513794	-0.5037903785705566	0.5383639335632324
-0.6796881556510925	5.524909019470215	0.11269822716712952	0.5699559450149536	0.6867930889129639	1.0	0	0.0	0	0.0	0	-0.32301318645477295	-0.9463944435119629	0.0	0.4478650987148285	-0.15722264349460602	-0.8801692724227905	0.8329944610595703	-0.2843087315559387	0.47464612126350403
-0.6494122743606567	5.524909019470215	0.30385351181030273	0.5546623468399048	0.6756817102432251	1.0	0	0.0	0	0.0	0	-0.3072049021720886	-0.9463961720466614	0.0997973382472992	0.43972286581993103	-0.24063360691070557	-0.865297257900238	0.8429452776908875	-0.22194479405879974	0.49008554220199585
-0.7923725843429565	6.705782413482666	0.26348796486854553	0.9085216522216797	0.6135485172271729	1.0	0	0.0	0	0.0	0	-0.2944781184196472	-0.30308446288108826	0.9063236117362976	-0.0657627135515213	0.9875224828720093	0.14308962225914001	-0.9491581916809082	-0.017666082829236984	-0.314303457736969
-0.7992795705795288	6.846907615661621	0.2847460210323334	0.9222302436828613	0.6138019561767578	1.0	0	0.0	0	0.0	0	-0.30900394916534424	0.0	0.9510607719421387	-0.0657614916563034	0.9875226020812988	0.14308959245681763	-0.9508969783782959	-0.018556304275989532	-0.3089507222175598
-0.963740348815918	6.846907615661621	0.18979448080062866	0.9222302436828613	0.5953085422515869	1.0	0	0.0	0	0.0	0	-0.6691333651542664	0.0	0.743142306804657	-0.06827370822429657	0.9865109920501709	0.14877796173095703	-0.7422341704368591	0.04942220821976662	-0.668315589427948
0.23281510174274445	5.8762969970703125	0.3262367844581604	0.2281174659729004	0.6426787376403809	1.0	0	0.0	0	0.0	0	-0.6500347256660461	0.595313310623169	-0.47228920459747314	0.6050732135772705	0.7785954475402832	0.16636019945144653	0.46677497029304504	-0.17763583362102509	-0.8663524985313416
0.2736847996711731	5.926814556121826	0.355930358171463	0.23279762268066406	0.6442121267318726	1.0	0	0.0	0	0.0	0	-0.4670979082584381	0.8164829015731812	-0.3393746614456177	0.7970675230026245	0.5486167073249817	0.2523946762084961	0.39228227734565735	-0.1526191681623459	-0.9070953726768494
0.3324623703956604	5.926814556121826	0.2405729740858078	0.23477590084075928	0.6317218542098999	1.0	0	0.0	0	0.0	0	-0.5491057634353638	0.8164865970611572	-0.1784166395664215	0.782518744468689	0.5688170194625854	0.2532026767730713	0.30823975801467896	-0.0005793467280454934	-0.95130854845047
0.2535703182220459	5.671516418457031	0.21493937075138092	0.9215331077575684	0.6847054362297058	1.0	0	0.0	0	0.0	0	-0.9030603170394897	-0.3136753737926483	-0.29341065883636475	0.23642125725746155	-0.9295971393585205	0.28276190161705017	-0.36145344376564026	0.18598473072052002	0.9136525988578796
0.206575408577919	5.671516418457031	0.3071726858615875	0.9214448928833008	0.6754089593887329	1.0	0	0.0	0	0.0	0	-0.7681976556777954	-0.3136758804321289	-0.5581038594245911	0.20895680785179138	-0.9448162913322449	0.2523077726364136	-0.6064559817314148	0.07720360904932022	0.7913601398468018
0.19753386080265045	5.74207878112793	0.3006036579608917	0.914586067199707	0.6751244068145752	1.0	0	0.0	0	0.0	0	-0.809030294418335	0.0	-0.5877670049667358	-0.0015453941887244582	-0.999996542930603	0.0021271314471960068	-0.5877649784088135	0.002629245398566127	0.8090274930000305
-0.23458097875118256	5.771183967590332	0.035457588732242584	0.191092848777771	0.7482712268829346	1.0	0	0.0	0	0.0	0	-0.2020367681980133	-0.9752393960952759	-0.08993992954492569	-0.49862590432167053	0.028667615726590157	0.8663430213928223	-0.8423246741294861	0.21988244354724884	-0.4920780658721924
-0.2509985566139221	5.771183967590332	0.11269817501306534	0.19842839241027832	0.7506546974182129	1.0	0	0.0	0	0.0	0	-0.2211422622203827	-0.9752416014671326	0.0	-0.49045461416244507	0.13628418743610382	0.8607444167137146	-0.8396847248077393	0.19040387868881226	-0.50860196352005
-0.4004836082458496	5.8301897048950195	-0.038406677544116974	0.19293487071990967	0.7306270599365234	1.0	0	0.0	0	0.0	0	-0.38207128643989563	-0.9083462953567505	-0.1700841337442398	-0.49831628799438477	0.05053861811757088	0.8655210733413696	-0.7775999307632446	0.41544798016548157	-0.4719548523426056
-0.3096820116043091	5.8301897048950195	-0.1633843183517456	0.17792856693267822	0.7322043180465698	1.0	0	0.0	0	0.0	0	-0.27983149886131287	-0.9083459973335266	-0.31080856919288635	-0.49741220474243164	-0.1480880230665207	0.8547812104225159	-0.8224906921386719	0.39380741119384766	-0.41039595007896423
-1.8321888446807861	3.8487906455993652	0.2781223952770233	0.9591474533081055	0.06427216529846191	1.0	9	0.0	0	0.0	0	-0.8705827593803406	-0.3030833899974823	0.38759028911590576	0.08479616045951843	-0.978038489818573	-0.1903955638408661	0.44170188903808594	-0.13438516855239868	0.8870400786399841
-1.852608561515808	3.9899160861968994	0.2872137427330017	0.9454267024993896	0.06572234630584717	1.0	9	0.0	0	0.0	0	-0.913550853729248	0.0	0.4067245125770569	0.0847964733839035	-0.9780383110046387	-0.19039586186408997	0.402652382850647	-0.14115126430988312	0.90440434217453
-1.892091155052185	3.9899160861968994	0.10146106779575348	0.9449841976165771	0.07703113555908203	1.0	9	0.0	0	0.0	0	-1.0	0.0	0.0	0.1523822695016861	-0.9621111154556274	-0.22610178589820862	0.0	-0.22877345979213715	0.973479688167572
-0.18816563487052917	5.771183967590332	-0.028427107259631157	0.18342208862304688	0.749077558517456	1.0	0	0.0	0	0.0	0	-0.1479872316122055	-0.9752386212348938	-0.16434548795223236	-0.501495361328125	-0.08455678820610046	0.8610183596611023	-0.8536931872367859	0.20986239612102509	-0.4766192138195038
-0.1758975386619568	5.8301897048950195	-0.24062490463256836	0.16486108303070068	0.7397488355636597	1.0	0	0.0	0	0.0	0	-0.12921863794326782	-0.9083453416824341	-0.39775776863098145	-0.48029986023902893	-0.3095393180847168	0.8206688761711121	-0.8686951398849487	0.29713067412376404	-0.3963358402252197
-0.06109589338302612	5.926814556121826	-0.30111318826675415	0.18186652660369873	0.5932806730270386	1.0	0	0.0	0	0.0	0	0.0	0.8164855241775513	0.577366054058075	0.9243424534797668	-0.21705326437950134	0.3138134479522705	0.38154634833335876	0.5336881279945374	-0.7547181248664856
-0.06109589710831642	5.9592485427856445	-0.3647685945034027	0.17993700504302979	0.587372899055481	1.0	0	0.0	0	0.0	0	0.0	0.9555827975273132	0.2947227358818054	0.9465316534042358	-0.09177348017692566	0.3092822730541229	0.32259446382522583	0.2789660692214966	-0.9044947624206543
-0.2086414098739624	5.9592485427856445	-0.3413997292518616	0.16693615913391113	0.5939971208572388	1.0	0	0.0	0	0.0	0	0.10248386859893799	0.9434131383895874	0.3153866231441498	0.9341848492622375	-0.1736251413822174	0.3116937577724457	0.3489746153354645	0.2628060281276703	-0.8995274305343628
-0.061095789074897766	5.812641143798828	0.8778971433639526	0.10196113586425781	0.9118016958236694	1.0	0	0.0	0	0.0	0	0.0	0.30452102422714233	0.9525056481361389	0.1396525651216507	0.9438686966896057	-0.2993476986885071	-0.9902005195617676	0.13302019238471985	-0.04252725467085838
-0.061095789074897766	5.74207878112793	0.8890733122825623	0.09503889083862305	0.9122433662414551	1.0	0	0.0	0	0.0	0	0.0	0.0	1.0	-0.004705402068793774	0.9999889731407166	5.296528229337127e-07	-0.9999889731407166	-0.004705402068793774	0.0
0.17881733179092407	5.74207878112793	0.851074755191803	0.09538650512695312	0.9317835569381714	1.0	0	0.0	0	0.0	0	0.30900394916534424	0.0	0.9510607719421387	-0.004760622512549162	0.9999875426292419	0.0015465518226847053	-0.9510489106178284	-0.005005531944334507	0.3090001046657562
-0.7002364993095398	7.146400451660156	-0.3127651810646057	0.3919410705566406	0.041825294494628906	1.0	0	0.0	0	0.0	0	4.490618721320061e-08	6.180795963928176e-08	1.0	0.9899901151657104	-0.14113712310791016	-3.573328299921741e-08	0.14113712310791016	0.9899901151657104	-6.752719627911574e-08
-0.7002360224723816	6.1820478439331055	-0.31276512145996094	0.40523552894592285	0.13502788543701172	1.0	0	0.0	0	0.0	0	4.490618721320061e-08	6.180795963928176e-08	1.0	0.9899901151657104	-0.14113712310791016	-3.573328299921741e-08	0.14113712310791016	0.9899901151657104	-6.752719627911574e-08
0.21691666543483734	7.444400787353516	-0.3127652406692505	0.4676632881164551	0.0003871917724609375	1.0	0	0.0	0	0.0	0	4.490618721320061e-08	6.180795963928176e-08	1.0	0.9899900555610657	-0.14113712310791016	-3.573328299921741e-08	0.14113712310791016	0.9899900555610657	-6.752719627911574e-08
0.17484404146671295	6.705782413482666	-0.14959320425987244	0.9016032218933105	0.8624476194381714	1.0	0	0.0	0	0.0	0	-0.9529630541801453	-0.3030864894390106	0.0	-0.1523829996585846	0.962109386920929	0.22610801458358765	-0.06927657127380371	0.21781904995441437	-0.9735273122787476
0.21239502727985382	6.705782413482666	0.027068544179201126	0.9011821746826172	0.8732029795646667	1.0	0	0.0	0	0.0	0	-0.8705827593803406	-0.3030833899974823	0.38759028911590576	-0.08479329198598862	0.9780376553535461	0.19040092825889587	-0.44170325994491577	0.13439103960990906	-0.88703852891922
0.1919754594564438	6.846907615661621	0.03615988790988922	0.9149026870727539	0.8717527389526367	1.0	0	0.0	0	0.0	0	-0.913550853729248	0.0	0.4067245125770569	-0.08479294180870056	0.9780375361442566	0.19040125608444214	-0.4026520252227783	0.14115770161151886	-0.904403567314148
-0.5903862118721008	6.207915306091309	0.7005343437194824	0.27738189697265625	0.6843591928482056	1.0	0	0.0	0	0.0	0	-0.5817611217498779	-0.4940788149833679	0.6460960507392883	-0.2189091444015503	0.8639279007911682	0.45354974269866943	-0.7822859883308411	0.12242381274700165	-0.6107708215713501
-0.30553197860717773	6.207915306091309	0.8649951219558716	0.27716636657714844	0.7163897752761841	1.0	0	0.0	0	0.0	0	-0.26866307854652405	-0.4940800666809082	0.8268645405769348	-0.21628856658935547	0.8705331683158875	0.4420308470726013	-0.9382315874099731	-0.06008526310324669	-0.3407512307167053
-0.3295319676399231	6.3823561668396	0.9388594627380371	0.29395103454589844	0.7174594402313232	1.0	0	0.0	0	0.0	0	-0.2942934036254883	-0.3050055503845215	0.9057389497756958	-0.13542219996452332	0.9525035619735718	0.27275967597961426	-0.9459189176559448	-0.04238606244325638	-0.32162216305732727
0.6797459125518799	6.41256856918335	-0.027374988421797752	0.4066377878189087	0.827467679977417	1.0	0	0.0	0	0.0	0	0.1637958586215973	-0.9448094964027405	0.28373584151268005	-0.4984046220779419	0.07894960790872574	0.86334228515625	-0.8414137363433838	-0.2839471697807312	-0.4597793519496918
0.6239349842071533	6.41256856918335	-0.009240681305527687	0.4108973741531372	0.8236322999000549	1.0	0	0.0	0	0.0	0	0.03424244746565819	-0.9448108673095703	0.325822114944458	-0.49588698148727417	0.12710979580879211	0.8590338826179504	-0.8618746995925903	-0.19296440482139587	-0.4689742624759674
0.6091834306716919	6.390215873718262	-0.14959321916103363	0.39975011348724365	0.8155311942100525	1.0	0	0.0	0	0.0	0	0.0	-1.0	0.0	-0.4999987781047821	-9.516217005511862e-07	0.8660260438919067	-0.8660260438919067	0.0	-0.4999987781047821
-1.6806291341781616	3.6204452514648438	0.21064354479312897	0.4498708248138428	0.892928421497345	1.0	9	0.0	0	0.0	0	-0.5491005778312683	-0.7992050647735596	0.2444584220647812	0.38719993829727173	-0.6282117962837219	-0.6748526692390442	0.6983494162559509	-0.2780706584453583	0.6595337986946106
-1.7729285955429077	3.721479654312134	0.2517379820346832	0.4419078826904297	0.8987346291542053	1.0	9	0.0	0	0.0	0	-0.7454061508178711	-0.578129231929779	0.33186808228492737	0.38719722628593445	-0.6282117366790771	-0.6748543977737427	0.6054307222366333	-0.3787930905818939	0.6999781131744385
-1.8048710823059082	3.721479654312134	0.10146106779575348	0.45305967330932617	0.9087757468223572	1.0	9	0.0	0	0.0	0	-0.8159525394439697	-0.5781189203262329	0.0	0.44341111183166504	-0.4434124827384949	-0.7789557576179504	0.4528542459011078	-0.6391549110412598	0.6216140985488892
1.0340312719345093	6.705782413482666	-0.23989711701869965	0.9923325777053833	0.9875450134277344	1.0	0	0.0	0	0.0	0	0.9321401715278625	-0.3030836284160614	-0.19812899827957153	-0.20434421300888062	0.022668808698654175	-0.9786365628242493	0.3011018633842468	0.9527186155319214	-0.040803126990795135
1.0558944940567017	6.846907615661621	-0.2445444017648697	0.9935957193374634	0.9738073348999023	1.0	0	0.0	0	0.0	0	0.9781503081321716	0.0	-0.20789889991283417	-0.20434699952602386	0.022656328976154327	-0.9786362648010254	0.004710256587713957	0.9997433423995972	0.022161439061164856
1.0558944940567017	6.846907615661621	-0.054641783237457275	0.9765794277191162	0.9739913940429688	1.0	0	0.0	0	0.0	0	0.9781503081321716	0.0	0.20789889991283417	0.20712228119373322	-0.0050767697393894196	-0.9783019423484802	0.0010554550681263208	0.9999871253967285	-0.00496584502980113
0.09253871440887451	5.771183967590332	0.22432027757167816	0.191092848777771	0.7851657867431641	1.0	0	0.0	0	0.0	0	0.17890384793281555	-0.9752426743507385	0.12998148798942566	-0.500932514667511	0.028671910986304283	0.8650112748146057	-0.8473339080810547	-0.2198687195777893	-0.4834076464176178
0.03385573625564575	5.771183967590332	0.2771589756011963	0.19842839241027832	0.7827823162078857	1.0	0	0.0	0	0.0	0	0.11057127267122269	-0.9752429127693176	0.19150835275650024	-0.5000871419906616	0.13628873229026794	0.8551832437515259	-0.860368549823761	-0.19038638472557068	-0.4727779030799866
-0.06109585613012314	5.751224040985107	0.11269816756248474	0.18915808200836182	0.7667195796966553	1.0	0	0.0	0	0.0	0	0.0	-1.0	0.0	-0.4999982416629791	2.5018579208335723e-07	0.8660263419151306	-0.8660263419151306	0.0	-0.4999982416629791
0.46805810928344727	6.846907615661621	0.2847459316253662	0.9146604537963867	0.9065573215484619	1.0	0	0.0	0	0.0	0	-0.30900394916534424	0.0	0.9510607719421387	0.07045518606901169	0.9874210357666016	-0.14154790341854095	-0.9507968425750732	0.023558180779218674	-0.30891817808151245
0.47496503591537476	6.988032817840576	0.263487845659256	0.9285063743591309	0.9062355756759644	1.0	0	0.0	0	0.0	0	-0.2944781184196472	0.30308446288108826	0.9063236117362976	0.07045499235391617	0.9874210357666016	-0.14154790341854095	-0.9485903978347778	0.022426798939704895	-0.31571099162101746
0.3185538053512573	6.988032817840576	0.1731836050748825	0.9285063743591309	0.8886473774909973	1.0	0	0.0	0	0.0	0	-0.6376597285270691	0.3030821681022644	0.7081887125968933	0.07209701836109161	0.9867445826530457	-0.14538651704788208	-0.7513813376426697	-0.04212627559900284	-0.6585221290588379
1.3909870386123657	5.3188605308532715	0.6497031450271606	0.49403905868530273	0.15963202714920044	1.0	11	0.0	0	0.0	0	0.42253682017326355	-0.006073299329727888	0.9063254594802856	-0.6861949563026428	-0.6570854187011719	0.3120500147342682	0.5936409831047058	-0.7537722587585449	-0.2818116247653961
