6255	8792	12
0.8745579719543457	-0.5064820051193237	-0.000493000028654933	0.5160390734672546	0.353192001581192	1.0	0	0.0	0	0.0	0	0.0	0.0	1.0	-0.8912048935890198	0.4536009430885315	1.8364182396979345e-10	-0.4536009430885315	-0.8912048935890198	0.0
1.122460961341858	-0.499752014875412	-0.000493000028654933	0.5064160227775574	0.34798797965049744	1.0	0	0.0	0	0.0	0	0.0	0.0	1.0	-0.8912047743797302	0.4536013901233673	9.427555958119171e-12	-0.4536013901233673	-0.8912047743797302	0.0
0.9173160195350647	-0.4084149897098541	-0.000493000028654933	0.5163207650184631	0.34850001335144043	1.0	0	0.0	0	0.0	0	0.0	0.0	1.0	-0.8912050127983093	0.4536007344722748	1.0472439582187576e-10	-0.4536007344722748	-0.8912050127983093	0.0
0.8229029774665833	-0.5978739857673645	-0.000493000028654933	0.5162413716316223	0.3577999174594879	1.0	0	0.0	0	0.0	0	0.0	0.0	1.0	-0.8912044763565063	0.4536016583442688	1.1461130655643359e-10	-0.4536016583442688	-0.8912044763565063	0.0
1.0660070180892944	-0.6160690188407898	-0.000493000028654933	0.50630784034729	0.3536674976348877	1.0	0	0.0	0	0.0	0	0.0	0.0	1.0	-0.8912047147750854	0.4536013901233673	-4.377216644702031e-11	-0.4536013901233673	-0.8912047147750854	0.0
0.9981639981269836	-0.7252079844474792	-0.000493000028654933	0.5067917704582214	0.3592929244041443	1.0	0	0.0	0	0.0	0	0.0	0.0	1.0	-0.8912048935890198	0.45360100269317627	-1.9317120819595246e-11	-0.45360100269317627	-0.8912048935890198	0.0
1.2670530080795288	-0.7316679954528809	-0.000493000028654933	0.4960784614086151	0.35418716073036194	1.0	0	0.0	0	0.0	0	0.0	0.0	1.0	-0.8912051916122437	0.4536004066467285	9.447706289175684e-13	-0.4536004066467285	-0.8912051916122437	0.0
1.3361409902572632	-0.5948879718780518	-0.000493000028654933	0.4960993230342865	0.34745460748672485	1.0	0	0.0	0	0.0	0	0.0	0.0	1.0	-0.8912050724029541	0.45360058546066284	-1.5169882711107974e-11	-0.45360058546066284	-0.8912050724029541	0.0
0.9153310060501099	-0.8234570026397705	-0.000493000028654933	0.5080839395523071	0.3647907078266144	1.0	0	0.0	0	0.0	0	0.0	0.0	1.0	-0.8912048935890198	0.45360106229782104	-1.6015543058411907e-11	-0.45360106229782104	-0.8912048935890198	0.0
0.7519469857215881	-0.675242006778717	-0.000493000028654933	0.5174843072891235	0.3622433841228485	1.0	0	0.0	0	0.0	0	0.0	0.0	1.0	-0.8912052512168884	0.45360031723976135	-3.968791441322228e-12	-0.45360031723976135	-0.8912052512168884	0.0
0.8221520185470581	-0.9130920171737671	-0.000493000028654933	0.5099558234214783	0.370157390832901	1.0	0	0.0	0	0.0	0	0.0	0.0	1.0	-0.891205370426178	0.4536002576351166	-4.030776407093484e-11	-0.4536002576351166	-0.891205370426178	0.0
0.9786630272865295	-1.0869150161743164	-0.000493000028654933	0.5003129243850708	0.3738443851470947	1.0	0	0.0	0	0.0	0	0.0	0.0	1.0	-0.8912048935890198	0.45360100269317627	6.146499281767248e-11	-0.45360100269317627	-0.8912048935890198	0.0
1.0873990058898926	-0.9789400100708008	-0.000493000028654933	0.4981960952281952	0.367449551820755	1.0	0	0.0	0	0.0	0	0.0	0.0	1.0	-0.8912051916122437	0.4536004066467285	-6.893870196922336e-11	-0.4536004066467285	-0.8912051916122437	0.0
1.184177041053772	-0.860355019569397	-0.000493000028654933	0.4967624843120575	0.3608776032924652	1.0	0	0.0	0	0.0	0	0.0	0.0	1.0	-0.8912054896354675	0.45359984040260315	3.0322730004000986e-12	-0.45359984040260315	-0.8912054896354675	0.0
1.2652549743652344	-1.1392699480056763	-0.000493000028654933	0.4879833459854126	0.3701828420162201	1.0	0	0.0	0	0.0	0	0.0	0.0	1.0	-0.8912051916122437	0.45360034704208374	3.016387833953971e-11	-0.45360034704208374	-0.8912051916122437	0.0
1.3773590326309204	-1.000709056854248	-0.000493000028654933	0.48634666204452515	0.36252328753471375	1.0	0	0.0	0	0.0	0	0.0	0.0	1.0	-0.8912049531936646	0.4536009430885315	9.753037266690967e-11	-0.4536009430885315	-0.8912049531936646	0.0
1.139341950416565	-1.265367031097412	-0.000493000028654933	0.49041324853897095	0.3776295483112335	1.0	0	0.0	0	0.0	0	0.0	0.0	1.0	-0.8912050724029541	0.45360079407691956	-1.2389001500037744e-12	-0.45360079407691956	-0.8912050724029541	0.0
1.446005940437317	-1.3020230531692505	-0.000493000028654933	0.4776080846786499	0.37295329570770264	1.0	0	0.0	0	0.0	0	0.7352353930473328	-0.6612266898155212	0.14902472496032715	-0.6212872266769409	-0.4882383346557617	-0.6128830313682556	0.49062731862068176	0.3674732446670532	-0.790093719959259
1.5741239786148071	-1.1436680555343628	-0.000493000028654933	0.47573763132095337	0.36419954895973206	1.0	0	0.0	0	0.0	0	0.7999664545059204	-0.5812056064605713	0.14917732775211334	-0.48896199464797974	-0.3774419128894806	-0.7864183783531189	0.5362756252288818	0.5809740424156189	-0.6122725009918213
1.5555119514465332	-0.6925579905509949	-0.000493000028654933	0.4855077862739563	0.3469070494174957	1.0	0	0.0	0	0.0	0	0.0	0.0	1.0	-0.8912052512168884	0.45360028743743896	3.8100848864797143e-11	-0.45360028743743896	-0.8912052512168884	0.0
1.4744960069656372	-0.8512750267982483	-0.000493000028654933	0.4855169653892517	0.3547362685203552	1.0	0	0.0	0	0.0	0	0.0	0.0	1.0	-0.8912050724029541	0.45360058546066284	8.43378838988329e-11	-0.45360058546066284	-0.8912050724029541	0.0
1.6851379871368408	-0.9728860259056091	-0.000493000028654933	0.47478941082954407	0.35530009865760803	1.0	0	0.0	0	0.0	0	0.8560597896575928	-0.49492770433425903	0.1490245908498764	-0.30177438259124756	-0.10329438745975494	-0.9477671980857849	0.5168635249137878	0.8176169395446777	-0.2536819279193878
1.7777279615402222	-0.7914950251579285	-0.000493000028654933	0.4747789204120636	0.3463524281978607	1.0	0	0.0	0	0.0	0	0.9034190773963928	-0.4022079408168793	0.14853525161743164	-0.09700814634561539	0.2988418936729431	-0.9493592381477356	0.3600713312625885	0.899785578250885	0.24644388258457184
0.592943012714386	-0.8184090256690979	-0.000493000028654933	0.5208747386932373	0.3710179626941681	1.0	0	0.0	0	0.0	0	0.0	0.0	1.0	-0.8912047743797302	0.45360127091407776	-2.235578736020649e-11	-0.45360127091407776	-0.8912047743797302	0.0
0.6718930006027222	-0.7462120056152344	-0.000493000028654933	0.5192135572433472	0.3666176497936249	1.0	0	0.0	0	0.0	0	0.0	0.0	1.0	-0.8912051916122437	0.45360052585601807	-3.6067526470647614e-17	-0.45360052585601807	-0.8912051916122437	0.0
0.5085819959640503	-0.8808900117874146	-0.000493000028654933	0.5229436159133911	0.37514567375183105	1.0	0	0.0	0	0.0	0	0.0	0.0	1.0	-0.8912051916122437	0.4536004364490509	2.170445941029886e-11	-0.4536004364490509	-0.8912051916122437	0.0
0.7232679724693298	-0.996392011642456	-0.000493000028654933	0.5121792554855347	0.3753896951675415	1.0	0	0.0	0	0.0	0	0.0	0.0	1.0	-0.8912053108215332	0.45360028743743896	1.0632613713090766e-11	-0.45360028743743896	-0.8912053108215332	0.0
0.6168990135192871	-1.0685009956359863	-0.000493000028654933	0.5149214863777161	0.3803330063819885	1.0	0	0.0	0	0.0	0	0.0	0.0	1.0	-0.8912050127983093	0.45360082387924194	1.0283201373750828e-11	-0.45360082387924194	-0.8912050127983093	0.0
0.8599140048027039	-1.1837689876556396	-0.000493000028654933	0.5030466914176941	0.38000330328941345	1.0	0	0.0	0	0.0	0	0.0	0.0	1.0	-0.8912051916122437	0.4536004364490509	7.227612952576123e-11	-0.4536004364490509	-0.8912051916122437	0.0
0.5012670159339905	-1.1245640516281128	-0.000493000028654933	0.5183497667312622	0.38483262062072754	1.0	0	0.0	0	0.0	0	0.0	0.0	1.0	-0.8912057876586914	0.45359930396080017	1.7642182853494504e-11	-0.45359930396080017	-0.8912057876586914	0.0
0.4122920036315918	-0.9227089881896973	-0.000493000028654933	0.5258959531784058	0.3787020742893219	1.0	0	0.0	0	0.0	0	0.0	0.0	1.0	-0.891204833984375	0.45360127091407776	4.3626374214567054e-12	-0.45360127091407776	-0.891204833984375	0.0
0.37968501448631287	-1.1685500144958496	-0.000493000028654933	0.522254228591919	0.38897791504859924	1.0	0	0.0	0	0.0	0	0.0	0.0	1.0	-0.8912048935890198	0.45360109210014343	-3.5588060276481315e-11	-0.45360109210014343	-0.8912048935890198	0.0
0.45196500420570374	-1.391003966331482	-0.000493000028654933	0.5149524807929993	0.3962477147579193	1.0	0	0.0	0	0.0	0	0.0	0.0	1.0	-0.8912051916122437	0.45360055565834045	-1.0086419546806447e-11	-0.45360055565834045	-0.8912051916122437	0.0
0.5952180027961731	-1.3365910053253174	-0.000493000028654933	0.5104039311408997	0.3912622630596161	1.0	0	0.0	0	0.0	0	0.0	0.0	1.0	-0.8912051916122437	0.45360034704208374	-3.708267373725427e-11	-0.45360034704208374	-0.8912051916122437	0.0
0.7318620085716248	-1.2676210403442383	-0.000493000028654933	0.5064071416854858	0.38583850860595703	1.0	0	0.0	0	0.0	0	0.0	0.0	1.0	-0.8912047743797302	0.4536011517047882	-1.5100630815223504e-11	-0.4536011517047882	-0.8912047743797302	0.0
0.6924859881401062	-1.5554009675979614	-0.000493000028654933	0.5021916627883911	0.39789140224456787	1.0	0	0.0	0	0.0	0	0.0	0.0	1.0	-0.8912050724029541	0.45360061526298523	4.4251297071085105e-11	-0.45360061526298523	-0.8912050724029541	0.0
0.8512549996376038	-1.4744160175323486	-0.000493000028654933	0.49756473302841187	0.3915562629699707	1.0	0	0.0	0	0.0	0	0.0	0.0	1.0	-0.8912050127983093	0.4536007046699524	-1.8364793193115236e-12	-0.4536007046699524	-0.8912050127983093	0.0
0.526170015335083	-1.6193829774856567	-0.000493000028654933	0.5074563026428223	0.4037111699581146	1.0	0	0.0	0	0.0	0	0.0	0.0	1.0	-0.8912051916122437	0.4536004662513733	-1.9484565003113907e-11	-0.4536004662513733	-0.8912051916122437	0.0
0.7914119958877563	-1.7776010036468506	-0.000493000028654933	0.49384623765945435	0.4046202301979065	1.0	0	0.0	0	0.0	0	0.40272626280784607	-0.9031127691268921	0.1489928513765335	-0.9051015973091125	-0.3427559733390808	-0.2516140043735504	0.27950096130371094	-0.033666279166936874	-0.9595549702644348
0.9728620052337646	-1.6850459575653076	-0.000493000028654933	0.488558292388916	0.3973800539970398	1.0	0	0.0	0	0.0	0	0.4944082200527191	-0.856333315372467	0.14917699992656708	-0.8559428453445435	-0.4156632125377655	-0.30754831433296204	0.32747313380241394	0.024524826556444168	-0.9445421099662781
1.0007740259170532	-1.3774100542068481	-0.000493000028654933	0.4936228394508362	0.3847781717777252	1.0	0	0.0	0	0.0	0	0.0	0.0	1.0	-0.8912051916122437	0.45360031723976135	-3.253693148241865e-11	-0.45360031723976135	-0.8912051916122437	0.0
1.1437419652938843	-1.5741829872131348	-0.000493000028654933	0.48405322432518005	0.3896336853504181	1.0	0	0.0	0	0.0	0	0.5807479023933411	-0.8003328442573547	0.14899423718452454	-0.7949065566062927	-0.47294485569000244	-0.38006168603897095	0.3783549666404724	0.10329725593328476	-0.9198789596557617
1.3021049499511719	-1.4461339712142944	-0.000493000028654933	0.4803851544857025	0.38146382570266724	1.0	0	0.0	0	0.0	0	0.6617125272750854	-0.7348970174789429	0.1485358625650406	-0.7186790108680725	-0.5044792294502258	-0.47854065895080566	0.43336838483810425	0.2132313996553421	-0.8756279945373535
0.20880399644374847	-0.9888259768486023	-0.000493000028654933	0.5325809717178345	0.38534626364707947	1.0	0	0.0	0	0.0	0	0.0	0.0	1.0	-0.8912051916122437	0.45360034704208374	-5.295033161933915e-11	-0.45360034704208374	-0.8912051916122437	0.0
0.3102929890155792	-0.9549819827079773	-0.000493000028654933	0.5292642116546631	0.3819985091686249	1.0	0	0.0	0	0.0	0	0.0	0.0	1.0	-0.8912045359611511	0.45360180735588074	-2.824112992072525e-11	-0.45360180735588074	-0.8912045359611511	0.0
0.1063229963183403	-1.0115920305252075	-0.000493000028654933	0.5361586809158325	0.3882800340652466	1.0	0	0.0	0	0.0	0	0.0	0.0	1.0	-0.8912054300308228	0.45360007882118225	7.824275082002341e-12	-0.45360007882118225	-0.8912054300308228	0.0
0.2554689943790436	-1.20442795753479	-0.000493000028654933	0.526424765586853	0.39285826683044434	1.0	0	0.0	0	0.0	0	0.0	0.0	1.0	-0.8912047743797302	0.4536011517047882	4.852865505278192e-12	-0.4536011517047882	-0.8912047743797302	0.0
0.12896700203418732	-1.2270389795303345	-0.000493000028654933	0.5309510827064514	0.3962646722793579	1.0	0	0.0	0	0.0	0	0.0	0.0	1.0	-0.8912055492401123	0.4535997211933136	7.512903493767098e-12	-0.4535997211933136	-0.8912055492401123	0.0
0.3040879964828491	-1.431185007095337	-0.000493000028654933	0.5199682116508484	0.40076810121536255	1.0	0	0.0	0	0.0	0	0.0	0.0	1.0	-0.8912046551704407	0.4536016285419464	1.4221009786430372e-11	-0.4536016285419464	-0.8912046551704407	0.0
0.0005290000117383897	-1.2312239408493042	-0.000493000028654933	0.5359227657318115	0.39898818731307983	1.0	0	0.0	0	0.0	0	0.0	0.0	1.0	-0.8912051916122437	0.4536004960536957	-4.989506377506281e-11	-0.4536004960536957	-0.8912051916122437	0.0
0.001348000019788742	-1.0106309652328491	-0.000493000028654933	0.5403099060058594	0.39033445715904236	1.0	0	0.0	0	0.0	0	0.0	0.0	1.0	-0.8912050127983093	0.4536007046699524	3.933659648014398e-11	-0.4536007046699524	-0.8912050127983093	0.0
-0.1284330040216446	-1.2219560146331787	-0.000493000028654933	0.5411846041679382	0.4011954069137573	1.0	0	0.0	0	0.0	0	0.0	0.0	1.0	-0.8912044763565063	0.45360174775123596	9.7524210929123e-12	-0.45360174775123596	-0.8912044763565063	0.0
-0.15288199484348297	-1.454576015472412	-0.000493000028654933	0.5374866724014282	0.41079097986221313	1.0	0	0.0	0	0.0	0	0.0	0.0	1.0	-0.8912058472633362	0.453599214553833	-1.438430711347971e-11	-0.453599214553833	-0.8912058472633362	0.0
0.00011800000356743112	-1.4631340503692627	-0.000493000028654933	0.5312928557395935	0.4080769419670105	1.0	0	0.0	0	0.0	0	0.0	0.0	1.0	-0.8912055492401123	0.45359963178634644	-3.796567921154903e-11	-0.45359963178634644	-0.8912055492401123	0.0
0.15300099551677704	-1.4557050466537476	-0.000493000028654933	0.5254240036010742	0.40473923087120056	1.0	0	0.0	0	0.0	0	0.0	0.0	1.0	-0.8912049531936646	0.4536009728908539	1.3925979510179265e-12	-0.4536009728908539	-0.8912049531936646	0.0
-2.2000000171829015e-05	-1.7025890350341797	-0.000493000028654933	0.5265011191368103	0.41745567321777344	1.0	0	0.0	0	0.0	0	0.0	0.0	1.0	-0.8912047147750854	0.4536013901233673	-1.1242045488968344e-11	-0.4536013901233673	-0.8912047147750854	0.0
0.17796100676059723	-1.6931819915771484	-0.000493000028654933	0.5196838974952698	0.4135403037071228	1.0	0	0.0	0	0.0	0	0.0	0.0	1.0	-0.8912051916122437	0.4536004066467285	3.754319424786878e-11	-0.4536004066467285	-0.8912051916122437	0.0
-0.17798200249671936	-1.693392038345337	-0.000493000028654933	0.5336901545524597	0.4206421673297882	1.0	0	0.0	0	0.0	0	0.0	0.0	1.0	-0.8912050127983093	0.4536007344722748	-2.392962390740383e-11	-0.4536007344722748	-0.8912050127983093	0.0
-2.499999936844688e-05	-1.9458149671554565	-0.000493000028654933	0.5216284394264221	0.4269793629646301	1.0	0	0.0	0	0.0	0	0.0005798536585643888	-0.9888336062431335	0.1490224003791809	-0.994013786315918	0.02298397570848465	-0.10680979490280151	0.1022706851363182	-0.14818240702152252	-0.9836578369140625
0.20338399708271027	-1.9350650310516357	-0.000493000028654933	0.5138373374938965	0.4225046932697296	1.0	0	0.0	0	0.0	0	0.10333863645792007	-0.9833956360816956	0.14917877316474915	-0.9880416989326477	-0.07382158190011978	-0.13536641001701355	0.14430968463420868	-0.1335713118314743	-0.9804760813713074
0.3540099859237671	-1.6653779745101929	-0.000493000028654933	0.5133113265037537	0.4089431166648865	1.0	0	0.0	0	0.0	0	0.0	0.0	1.0	-0.8912051916122437	0.4536004960536957	-2.977561253114658e-11	-0.4536004960536957	-0.8912051916122437	0.0
0.40458300709724426	-1.903290033340454	-0.000493000028654933	0.506554365158081	0.4172508120536804	1.0	0	0.0	0	0.0	0	0.20499517023563385	-0.967356264591217	0.14899305999279022	-0.9714174270629883	-0.16791734099388123	-0.1677858829498291	0.1876848042011261	-0.11054977029561996	-0.9759883284568787
0.6013370156288147	-1.8507230281829834	-0.000493000028654933	0.4998629689216614	0.4112713634967804	1.0	0	0.0	0	0.0	0	0.30558767914772034	-0.9405068755149841	0.14853641390800476	-0.9437389969825745	-0.25861480832099915	-0.20609484612941742	0.23291702568531036	-0.07742217183113098	-0.9694098234176636
-0.21143999695777893	-0.9882659912109375	-0.000493000028654933	0.5491336584091187	0.39369943737983704	1.0	0	0.0	0	0.0	0	0.0	0.0	1.0	-0.8912054896354675	0.4535999000072479	-4.773272749281077e-11	-0.4535999000072479	-0.8912054896354675	0.0
-0.10496000200510025	-0.9986270070075989	-0.000493000028654933	0.5447348356246948	0.3919830620288849	1.0	0	0.0	0	0.0	0	0.0	0.0	1.0	-0.8912046551704407	0.4536014497280121	3.7284751674970806e-11	-0.4536014497280121	-0.8912046551704407	0.0
-0.31432101130485535	-0.9673799872398376	-0.000493000028654933	0.5536016225814819	0.39493194222450256	1.0	0	0.0	0	0.0	0	0.0	0.0	1.0	-0.8912056088447571	0.4535995125770569	-3.1271103761998376e-11	-0.4535995125770569	-0.8912056088447571	0.0
-0.25650298595428467	-1.2042089700698853	-0.000493000028654933	0.5465812087059021	0.40305283665657043	1.0	0	0.0	0	0.0	0	0.0	0.0	1.0	-0.8912047743797302	0.4536011815071106	-1.3771234153026057e-11	-0.4536011815071106	-0.8912047743797302	0.0
-0.38126400113105774	-1.1734119653701782	-0.000493000028654933	0.5521090030670166	0.40433335304260254	1.0	0	0.0	0	0.0	0	0.0	0.0	1.0	-0.8912056088447571	0.4535995125770569	-1.8067129389787162e-11	-0.4535995125770569	-0.8912056088447571	0.0
-0.30431699752807617	-1.431136965751648	-0.000493000028654933	0.5439169406890869	0.4128911793231964	1.0	0	0.0	0	0.0	0	0.0	0.0	1.0	-0.8912046551704407	0.4536013901233673	-4.727826463657436e-11	-0.4536013901233673	-0.8912046551704407	0.0
-0.5003010034561157	-1.1249940395355225	-0.000493000028654933	0.55776447057724	0.4048098027706146	1.0	0	0.0	0	0.0	0	0.0	0.0	1.0	-0.8912060856819153	0.45359864830970764	1.776504117423361e-11	-0.45359864830970764	-0.8912060856819153	0.0
-0.4098289906978607	-0.9238049983978271	-0.000493000028654933	0.5582339763641357	0.39512914419174194	1.0	0	0.0	0	0.0	0	0.0	0.0	1.0	-0.8912045955657959	0.45360177755355835	-3.964762892993967e-11	-0.45360177755355835	-0.8912045955657959	0.0
-0.614342987537384	-1.0640740394592285	-0.000493000028654933	0.5634738206863403	0.4046972095966339	1.0	0	0.0	0	0.0	0	0.0	0.0	1.0	-0.8912046551704407	0.4536014795303345	-2.0352649687110924e-12	-0.4536014795303345	-0.8912046551704407	0.0
-0.7312939763069153	-1.266638994216919	-0.000493000028654933	0.5640190243721008	0.41495946049690247	1.0	0	0.0	0	0.0	0	0.0	0.0	1.0	-0.8912051916122437	0.45360052585601807	-7.31615028976007e-12	-0.45360052585601807	-0.8912051916122437	0.0
-0.5950030088424683	-1.3366869688034058	-0.000493000028654933	0.5572510361671448	0.4149860739707947	1.0	0	0.0	0	0.0	0	0.0	0.0	1.0	-0.8912057280540466	0.4535995423793793	2.61078155622263e-11	-0.4535995423793793	-0.8912057280540466	0.0
-0.45231500267982483	-1.392084002494812	-0.000493000028654933	0.5505247712135315	0.4143115282058716	1.0	0	0.0	0	0.0	0	0.0	0.0	1.0	-0.8912048935890198	0.45360109210014343	-4.7706900929700424e-11	-0.45360109210014343	-0.8912048935890198	0.0
-0.6925250291824341	-1.5553829669952393	-0.000493000028654933	0.5567082762718201	0.4254927337169647	1.0	0	0.0	0	0.0	0	0.0	0.0	1.0	-0.8912046551704407	0.4536014497280121	5.2278771589531203e-11	-0.4536014497280121	-0.8912046551704407	0.0
-0.5261039733886719	-1.6191819906234741	-0.000493000028654933	0.5488795638084412	0.4246741831302643	1.0	0	0.0	0	0.0	0	0.0	0.0	1.0	-0.8912054300308228	0.453600138425827	-3.7543249759020014e-11	-0.453600138425827	-0.8912054300308228	0.0
-0.851360023021698	-1.474599003791809	-0.000493000028654933	0.5645787119865417	0.42549505829811096	1.0	0	0.0	0	0.0	0	0.0	0.0	1.0	-0.8912051916122437	0.4536004960536957	1.892484433052566e-11	-0.4536004960536957	-0.8912051916122437	0.0
-0.7914569973945618	-1.777580976486206	-0.000493000028654933	0.5561509132385254	0.43616461753845215	1.0	0	0.0	0	0.0	0	-0.40166276693344116	-0.9035810232162476	0.149025097489357	-0.9127485752105713	0.4083712100982666	-0.011087874881923199	-0.05083917826414108	-0.14047718048095703	-0.988777756690979
-0.6012619733810425	-1.8504940271377563	-0.000493000028654933	0.547203779220581	0.4352291524410248	1.0	0	0.0	0	0.0	0	-0.3055571913719177	-0.9404153823852539	0.14917734265327454	-0.9482494592666626	0.3157796561717987	-0.03326186165213585	-0.01582837663590908	-0.15163196623325348	-0.9883102774620056
-0.35396599769592285	-1.6653870344161987	-0.000493000028654933	0.5411782264709473	0.4230528175830841	1.0	0	0.0	0	0.0	0	0.0	0.0	1.0	-0.8912054896354675	0.453599750995636	-4.844348533428189e-11	-0.453599750995636	-0.8912054896354675	0.0
-0.4045329988002777	-1.9033000469207764	-0.000493000028654933	0.5384023189544678	0.43337616324424744	1.0	0	0.0	0	0.0	0	-0.2061534821987152	-0.967105507850647	0.14902256429195404	-0.9738092422485352	0.22032557427883148	-0.056145910173654556	0.02147013135254383	-0.15672776103019714	-0.9874083995819092
-0.20340800285339355	-1.9353049993515015	-0.000493000028654933	0.5298445224761963	0.43062108755111694	1.0	0	0.0	0	0.0	0	-0.10336937755346298	-0.9834893345832825	0.14853817224502563	-0.9892541170120239	0.12196935713291168	-0.08062079548835754	0.061199530959129333	-0.15534409880638123	-0.9859628677368164
-0.5951240062713623	-0.8168249726295471	-0.000493000028654933	0.5676707029342651	0.39463305473327637	1.0	0	0.0	0	0.0	0	0.0	0.0	1.0	-0.8912057280540466	0.45359936356544495	1.3726324764318232e-12	-0.45359936356544495	-0.8912057280540466	0.0
-0.5020639896392822	-0.8695999979972839	-0.000493000028654933	0.5629504323005676	0.3948448896408081	1.0	0	0.0	0	0.0	0	0.0	0.0	1.0	-0.8912054300308228	0.45360010862350464	-2.2684375211579066e-11	-0.45360010862350464	-0.8912054300308228	0.0
-0.6806150078773499	-0.7559000253677368	-0.000493000028654933	0.5722563862800598	0.39395126700401306	1.0	0	0.0	0	0.0	0	0.0	0.0	1.0	-0.8912044167518616	0.4536018669605255	-2.2463478993595132e-11	-0.4536018669605255	-0.8912044167518616	0.0
-0.7241230010986328	-0.9957699775695801	-0.000493000028654933	0.5691633224487305	0.40421056747436523	1.0	0	0.0	0	0.0	0	0.0	0.0	1.0	-0.8912043571472168	0.4536021649837494	1.054096480240796e-11	-0.4536021649837494	-0.8912043571472168	0.0
-0.8255720138549805	-0.9168909788131714	-0.000493000028654933	0.5747368335723877	0.40314382314682007	1.0	0	0.0	0	0.0	0	0.0	0.0	1.0	-0.8912050127983093	0.45360085368156433	9.033623675491764e-12	-0.45360085368156433	-0.8912050127983093	0.0
-0.8601030111312866	-1.1836309432983398	-0.000493000028654933	0.5707521438598633	0.4142763018608093	1.0	0	0.0	0	0.0	0	0.0	0.0	1.0	-0.8912047147750854	0.4536014497280121	6.177552913655404e-11	-0.4536014497280121	-0.8912047147750854	0.0
-0.9146239757537842	-0.8242419958114624	-0.000493000028654933	0.5800981521606445	0.4012908339500427	1.0	0	0.0	0	0.0	0	0.0	0.0	1.0	-0.8912050127983093	0.4536007046699524	-8.88251798503159e-12	-0.4536007046699524	-0.8912050127983093	0.0
-0.7501429915428162	-0.6772459745407104	-0.000493000028654933	0.5765688419342041	0.3922571837902069	1.0	0	0.0	0	0.0	0	0.0	0.0	1.0	-0.8912040591239929	0.45360276103019714	1.2257970680162877e-11	-0.45360276103019714	-0.8912040591239929	0.0
-0.9940279722213745	-0.7222040295600891	-0.000493000028654933	0.5852678418159485	0.39887794852256775	1.0	0	0.0	0	0.0	0	0.0	0.0	1.0	-0.8912058472633362	0.4535990357398987	7.589515821360138e-11	-0.4535990357398987	-0.8912058472633362	0.0
-1.1832590103149414	-0.8596879839897156	-0.000493000028654933	0.5899619460105896	0.4080323874950409	1.0	0	0.0	0	0.0	0	0.0	0.0	1.0	-0.8912046551704407	0.4536013901233673	-1.3060975911916017e-11	-0.4536013901233673	-0.8912046551704407	0.0
-1.0872420072555542	-0.9791150093078613	-0.000493000028654933	0.5837899446487427	0.41079506278038025	1.0	0	0.0	0	0.0	0	0.0	0.0	1.0	-0.8912053108215332	0.4535999894142151	-5.012827999917313e-11	-0.4535999894142151	-0.8912053108215332	0.0
-0.9794219732284546	-1.087759017944336	-0.000493000028654933	0.5773693919181824	0.41290032863616943	1.0	0	0.0	0	0.0	0	0.0	0.0	1.0	-0.8912051916122437	0.45360055565834045	5.0403500817530755e-11	-0.45360055565834045	-0.8912051916122437	0.0
-1.2652839422225952	-1.1392379999160767	-0.000493000028654933	0.5875900983810425	0.42061299085617065	1.0	0	0.0	0	0.0	0	0.0	0.0	1.0	-0.8912048935890198	0.45360109210014343	0.0	-0.45360109210014343	-0.8912048935890198	0.0
-1.13919997215271	-1.2652109861373901	-0.000493000028654933	0.5801034569740295	0.4230327606201172	1.0	0	0.0	0	0.0	0	0.0	0.0	1.0	-0.8912043571472168	0.4536020755767822	0.0	-0.4536020755767822	-0.8912043571472168	0.0
-1.3775290250778198	-1.0008339881896973	-0.000493000028654933	0.5947810411453247	0.41743066906929016	1.0	0	0.0	0	0.0	0	0.0	0.0	1.0	-0.8912051916122437	0.45360034704208374	-2.7147813511096963e-11	-0.45360034704208374	-0.8912051916122437	0.0
-1.4460389614105225	-1.3019859790802002	-0.000493000028654933	0.5914443731307983	0.4305877387523651	1.0	0	0.0	0	0.0	0	-0.734454870223999	-0.6620928645133972	0.14902734756469727	-0.680552065372467	0.7282541394233704	0.0805906280875206	-0.16195955872535706	-0.04224928840994835	-0.9858924746513367
-1.3019429445266724	-1.4459550380706787	-0.000493000028654933	0.5828882455825806	0.4333532154560089	1.0	0	0.0	0	0.0	0	-0.6616447567939758	-0.734828531742096	0.1491752713918686	-0.7502784132957458	0.6587086915969849	0.056438758969306946	-0.13976606726646423	-0.07459668815135956	-0.9873706102371216
-1.0007389783859253	-1.3774360418319702	-0.000493000028654933	0.5724050998687744	0.4246675670146942	1.0	0	0.0	0	0.0	0	0.0	0.0	1.0	-0.8912054896354675	0.45359987020492554	1.5906411604538206e-11	-0.45359987020492554	-0.8912054896354675	0.0
-1.1437009572982788	-1.5742130279541016	-0.000493000028654933	0.5740900635719299	0.4352215826511383	1.0	0	0.0	0	0.0	0	-0.5816981196403503	-0.7996364831924438	0.1490257978439331	-0.8125351071357727	0.5819432735443115	0.03359752893447876	-0.11359898746013641	-0.10155276954174042	-0.9883229732513428
-0.9729819893836975	-1.685256004333496	-0.000493000028654933	0.5651456713676453	0.43616724014282227	1.0	0	0.0	0	0.0	0	-0.49443966150283813	-0.8564265370368958	0.14853638410568237	-0.8671801090240479	0.4978693723678589	0.011162670329213142	-0.08351240307092667	-0.12328954041004181	-0.9888505339622498
-0.8759059906005859	-0.504148006439209	-0.000493000028654933	0.5849869251251221	0.38798579573631287	1.0	0	0.0	0	0.0	0	0.0	0.0	1.0	-0.8912063241004944	0.4535982608795166	-6.704421046110909e-11	-0.4535982608795166	-0.8912063241004944	0.0
-0.8123559951782227	-0.5902119874954224	-0.000493000028654933	0.5807613134384155	0.3900891840457916	1.0	0	0.0	0	0.0	0	0.0	0.0	1.0	-0.8912054300308228	0.453600138425827	4.007500229868838e-18	-0.453600138425827	-0.8912054300308228	0.0
-0.9292250275611877	-0.41371798515319824	-0.000493000028654933	0.5888973474502563	0.3855075538158417	1.0	0	0.0	0	0.0	0	0.0	0.0	1.0	-0.891205370426178	0.4536002278327942	-4.0838121079245226e-11	-0.4536002278327942	-0.891205370426178	0.0
-1.0665349960327148	-0.6151540279388428	-0.000493000028654933	0.5902665257453918	0.39613133668899536	1.0	0	0.0	0	0.0	0	0.0	0.0	1.0	-0.8912057876586914	0.453599214553833	1.0175161407888211e-10	-0.453599214553833	-0.8912057876586914	0.0
-1.1271309852600098	-0.5018309950828552	-0.000493000028654933	0.5949220061302185	0.392901748418808	1.0	0	0.0	0	0.0	0	0.0	0.0	1.0	-0.8912047743797302	0.4536013901233673	6.950222342094747e-11	-0.4536013901233673	-0.8912047743797302	0.0
-1.2671699523925781	-0.7314649820327759	-0.000493000028654933	0.5958336591720581	0.40468403697013855	1.0	0	0.0	0	0.0	0	0.0	0.0	1.0	-0.8912048935890198	0.45360109210014343	-6.103055344083841e-13	-0.45360109210014343	-0.8912048935890198	0.0
-1.170799970626831	-0.3809719979763031	-0.000493000028654933	0.5990621447563171	0.3890397548675537	1.0	0	0.0	0	0.0	0	0.0	0.0	1.0	-0.8912046551704407	0.45360150933265686	-1.2448747761795165e-11	-0.45360150933265686	-0.8912046551704407	0.0
-0.9607499837875366	-0.31358399987220764	-0.000493000028654933	0.5921443104743958	0.38221505284309387	1.0	0	0.0	0	0.0	0	0.0	0.0	1.0	-0.8912045955657959	0.4536016881465912	1.0801370648599873e-12	-0.4536016881465912	-0.8912045955657959	0.0
-1.2018369436264038	-0.2554579973220825	-0.000493000028654933	0.602798342704773	0.38474375009536743	1.0	0	0.0	0	0.0	0	0.0	0.0	1.0	-0.8912054896354675	0.45359987020492554	-1.0076850812112959e-11	-0.45359987020492554	-0.8912054896354675	0.0
-1.4306279420852661	-0.3040890097618103	-0.000493000028654933	0.6108296513557434	0.3912075161933899	1.0	0	0.0	0	0.0	0	0.0	0.0	1.0	-0.8912056684494019	0.45359957218170166	-3.792307180089383e-12	-0.45359957218170166	-0.8912056684494019	0.0
-1.3914870023727417	-0.45224499702453613	-0.000493000028654933	0.606320858001709	0.3962285816669464	1.0	0	0.0	0	0.0	0	0.0	0.0	1.0	-0.8912051916122437	0.45360031723976135	8.588829300548717e-12	-0.45360031723976135	-0.8912051916122437	0.0
-1.3371779918670654	-0.5953500270843506	-0.000493000028654933	0.6013162136077881	0.4007495939731598	1.0	0	0.0	0	0.0	0	0.0	0.0	1.0	-0.8912050724029541	0.45360058546066284	3.169358222046559e-12	-0.45360058546066284	-0.8912050724029541	0.0
-1.6192649602890015	-0.5261080265045166	-0.000493000028654933	0.6138067841529846	0.4036601185798645	1.0	0	0.0	0	0.0	0	0.0	0.0	1.0	-0.8912056088447571	0.4535997211933136	-3.496992972973345e-11	-0.4535997211933136	-0.8912056088447571	0.0
-1.5553189516067505	-0.6924729943275452	-0.000493000028654933	0.6079568266868591	0.40889984369277954	1.0	0	0.0	0	0.0	0	0.0	0.0	1.0	-0.8912054896354675	0.4535999298095703	-9.752992857769982e-11	-0.4535999298095703	-0.8912054896354675	0.0
-1.6655110120773315	-0.3540160059928894	-0.000493000028654933	0.619074821472168	0.3978434205055237	1.0	0	0.0	0	0.0	0	0.0	0.0	1.0	-0.8912048935890198	0.4536009728908539	3.9246765559664e-12	-0.4536009728908539	-0.8912048935890198	0.0
-1.8505879640579224	-0.6012669801712036	-0.000493000028654933	0.6214063167572021	0.41121307015419006	1.0	0	0.0	0	0.0	0	-0.9402611255645752	-0.30610597133636475	0.14902447164058685	-0.3459540009498596	0.9153658151626587	0.2059643417596817	-0.2000340074300766	0.1425144523382187	-0.9693688750267029
-1.777508020401001	-0.791396975517273	-0.000493000028654933	0.6147207021713257	0.41720128059387207	1.0	0	0.0	0	0.0	0	-0.9033271074295044	-0.40217727422714233	0.14917610585689545	-0.4346465766429901	0.8847600817680359	0.1681726723909378	-0.20000362396240234	0.08724326640367508	-0.9759032130241394
-1.4744739532470703	-0.8513129949569702	-0.000493000028654933	0.6015924215316772	0.4135081171989441	1.0	0	0.0	0	0.0	0	0.0	0.0	1.0	-0.8912055492401123	0.4535997807979584	-2.969777895822645e-11	-0.4535997807979584	-0.8912055492401123	0.0
-1.6851129531860352	-0.9729300141334534	-0.000493000028654933	0.6074470281600952	0.4224679470062256	1.0	0	0.0	0	0.0	0	-0.8566536903381348	-0.4938981235027313	0.1490270346403122	-0.520618200302124	0.8429086804389954	0.13587407767772675	-0.19296477735042572	0.03885931149125099	-0.9804359078407288
-1.5743190050125122	-1.1438100337982178	-0.000493000028654933	0.5996626019477844	0.4269507825374603	1.0	0	0.0	0	0.0	0	-0.8000363707542419	-0.581273078918457	0.14853806793689728	-0.6033742427825928	0.7902450561523438	0.10701557993888855	-0.17972536385059357	-0.004010776989161968	-0.9837086796760559
-1.005234956741333	-0.10429900139570236	-0.000493000028654933	0.5980881452560425	0.3749069571495056	1.0	0	0.0	0	0.0	0	0.0	0.0	1.0	-0.8912060260772705	0.4535987377166748	-7.101220306227063e-11	-0.4535987377166748	-0.8912060260772705	0.0
-0.9821850061416626	-0.2087700068950653	-0.000493000028654933	0.5950878858566284	0.37853819131851196	1.0	0	0.0	0	0.0	0	0.0	0.0	1.0	-0.8912045359611511	0.4536016583442688	4.309626440435199e-12	-0.4536016583442688	-0.8912045359611511	0.0
-1.0171639919281006	0.0	-0.000493000028654933	0.6006472110748291	0.3710607886314392	1.0	0	0.0	0	0.0	0	0.0	0.0	1.0	-0.8912062048912048	0.45359861850738525	0.0	-0.45359861850738525	-0.8912062048912048	0.0
-1.224534034729004	-0.12817199528217316	-0.000493000028654933	0.6062418222427368	0.38021212816238403	1.0	0	0.0	0	0.0	0	0.0	0.0	1.0	-0.8912060260772705	0.45359885692596436	-3.923748131962057e-11	-0.45359885692596436	-0.8912060260772705	0.0
-1.2337989807128906	0.0	-0.000493000028654933	0.6091743111610413	0.3753781318664551	1.0	0	0.0	0	0.0	0	0.0	0.0	1.0	-0.8912048935890198	0.4536011219024658	1.152158831750329e-16	-0.4536011219024658	-0.8912048935890198	0.0
-1.4551310539245605	-0.15282300114631653	-0.000493000028654933	0.6148245930671692	0.3857729434967041	1.0	0	0.0	0	0.0	0	0.0	0.0	1.0	-0.8912048935890198	0.4536011815071106	1.9085434621590736e-11	-0.4536011815071106	-0.8912048935890198	0.0
-1.224534034729004	0.12817199528217316	-0.000493000028654933	0.6113774180412292	0.3701748847961426	1.0	0	0.0	0	0.0	0	0.0	0.0	1.0	-0.8912047743797302	0.45360127091407776	3.923755070855961e-11	-0.45360127091407776	-0.8912047743797302	0.0
-1.005234956741333	0.10429900139570236	-0.000493000028654933	0.6022672057151794	0.3667391836643219	1.0	0	0.0	0	0.0	0	0.0	0.0	1.0	-0.8912048935890198	0.4536009728908539	7.101256388475363e-11	-0.4536009728908539	-0.8912048935890198	0.0
-1.2018369436264038	0.2554579973220825	-0.000493000028654933	0.6130340695381165	0.3647386133670807	1.0	0	0.0	0	0.0	0	0.0	0.0	1.0	-0.8912051916122437	0.45360031723976135	1.0076859485730338e-11	-0.45360031723976135	-0.8912051916122437	0.0
-1.4306279420852661	0.3040890097618103	-0.000493000028654933	0.6230139136314392	0.36739403009414673	1.0	0	0.0	0	0.0	0	0.0	0.0	1.0	-0.891205370426178	0.4535999000072479	3.7923865436884086e-12	-0.4535999000072479	-0.891205370426178	0.0
-1.4551310539245605	0.15282200276851654	-0.000493000028654933	0.6209478974342346	0.37380528450012207	1.0	0	0.0	0	0.0	0	0.0	0.0	1.0	-0.8912050127983093	0.4536007046699524	-1.9085269822860518e-11	-0.4536007046699524	-0.8912050127983093	0.0
-1.4637229442596436	0.0	-0.000493000028654933	0.6182245016098022	0.3799603283405304	1.0	0	0.0	0	0.0	0	0.0	0.0	1.0	-0.8912045359611511	0.45360180735588074	-6.412024190591783e-17	-0.45360180735588074	-0.8912045359611511	0.0
-1.6932590007781982	0.17799100279808044	-0.000493000028654933	0.6308252811431885	0.3775654733181	1.0	0	0.0	0	0.0	0	0.0	0.0	1.0	-0.8912054300308228	0.4536000192165375	-2.4800852344020186e-11	-0.4536000192165375	-0.8912054300308228	0.0
-1.7025090456008911	0.0	-0.000493000028654933	0.6276234984397888	0.3847191333770752	1.0	0	0.0	0	0.0	0	0.0	0.0	1.0	-0.8912051916122437	0.4536004960536957	-5.009378906251228e-19	-0.4536004960536957	-0.8912051916122437	0.0
-1.6655110120773315	0.3540149927139282	-0.000493000028654933	0.6332595348358154	0.37012016773223877	1.0	0	0.0	0	0.0	0	0.0	0.0	1.0	-0.8912050724029541	0.45360055565834045	-3.924817502248823e-12	-0.45360055565834045	-0.8912050724029541	0.0
-1.9351539611816406	0.20341800153255463	-0.000493000028654933	0.6408560276031494	0.38139060139656067	1.0	0	0.0	0	0.0	0	-0.9834797382354736	0.10275799036026001	0.14902502298355103	-0.014630784280598164	0.8780134320259094	0.4784122705459595	-0.08297920227050781	0.47574689984321594	-0.8756594061851501
-1.9457240104675293	0.0	-0.000493000028654933	0.6371968388557434	0.38956618309020996	1.0	0	0.0	0	0.0	0	-0.988810658454895	0.0	0.14917613565921783	-0.08423102647066116	0.9207175374031067	0.3810308277606964	-0.13871778547763824	0.36783137917518616	-0.9194876551628113
-1.6932590007781982	-0.17799100279808044	-0.000493000028654933	0.6236935257911682	0.39150410890579224	1.0	0	0.0	0	0.0	0	0.0	0.0	1.0	-0.8912045359611511	0.4536016583442688	2.4800762138399435e-11	-0.4536016583442688	-0.8912045359611511	0.0
-1.9351539611816406	-0.20341800153255463	-0.000493000028654933	0.6327055096626282	0.3973204493522644	1.0	0	0.0	0	0.0	0	-0.9834797382354736	-0.10275799036026001	0.14902502298355103	-0.16644243896007538	0.9364944696426392	0.3086664378643036	-0.17239223420619965	0.28057485818862915	-0.9442238211631775
-1.9034420251846313	-0.4045889973640442	-0.000493000028654933	0.6274269819259644	0.40456539392471313	1.0	0	0.0	0	0.0	0	-0.9672969579696655	-0.20560592412948608	0.14853554964065552	-0.25540095567703247	0.9334055781364441	0.25204065442085266	-0.19128632545471191	0.2067498117685318	-0.9595124125480652
-0.9607499837875366	0.31358399987220764	-0.000493000028654933	0.6047089695930481	0.3576579988002777	1.0	0	0.0	0	0.0	0	0.0	0.0	1.0	-0.8912049531936646	0.45360103249549866	6.993216422612747e-11	-0.45360103249549866	-0.8912049531936646	0.0
-0.9821850061416626	0.2087700068950653	-0.000493000028654933	0.6034528613090515	0.36218923330307007	1.0	0	0.0	0	0.0	0	0.0	0.0	1.0	-0.8912050724029541	0.4536004960536957	-4.309614731051736e-12	-0.4536004960536957	-0.8912050724029541	0.0
-0.9292259812355042	0.41371798515319824	-0.000493000028654933	0.6054742336273193	0.3531089723110199	1.0	0	0.0	0	0.0	0	0.0	0.0	1.0	-0.891204833984375	0.453601211309433	4.0838298021039776e-11	-0.453601211309433	-0.891204833984375	0.0
-1.170799970626831	0.3809719979763031	-0.000493000028654933	0.6143269538879395	0.3592055141925812	1.0	0	0.0	0	0.0	0	0.0	0.0	1.0	-0.8912053108215332	0.45360028743743896	3.2644199843279154e-11	-0.45360028743743896	-0.8912053108215332	0.0
-1.1271309852600098	0.5018309950828552	-0.000493000028654933	0.6150293946266174	0.35360294580459595	1.0	0	0.0	0	0.0	0	0.0	0.0	1.0	-0.8912051916122437	0.45360034704208374	-6.950218178758405e-11	-0.45360034704208374	-0.8912051916122437	0.0
-1.3914870023727417	0.45224499702453613	-0.000493000028654933	0.6244414448738098	0.36081287264823914	1.0	0	0.0	0	0.0	0	0.0	0.0	1.0	-0.8912050724029541	0.45360055565834045	-8.588824963740027e-12	-0.45360055565834045	-0.8912050724029541	0.0
-1.0665349960327148	0.6151540279388428	-0.000493000028654933	0.6149145364761353	0.3479580879211426	1.0	0	0.0	0	0.0	0	0.0	0.0	1.0	-0.891205370426178	0.4536002278327942	-1.219474243807639e-10	-0.4536002278327942	-0.891205370426178	0.0
-0.8759059906005859	0.504148006439209	-0.000493000028654933	0.605187177658081	0.34850552678108215	1.0	0	0.0	0	0.0	0	0.0	0.0	1.0	-0.8912049531936646	0.45360106229782104	-3.968858228176053e-12	-0.45360106229782104	-0.8912049531936646	0.0
-0.9940279722213745	0.7222040295600891	-0.000493000028654933	0.6142051815986633	0.342321515083313	1.0	0	0.0	0	0.0	0	0.0	0.0	1.0	-0.8912050724029541	0.45360055565834045	-7.589540801378192e-11	-0.45360055565834045	-0.8912050724029541	0.0
-1.1832590103149414	0.8596879839897156	-0.000493000028654933	0.624407947063446	0.34070947766304016	1.0	0	0.0	0	0.0	0	0.0	0.0	1.0	-0.8912052512168884	0.4536002278327942	1.3060942952169974e-11	-0.4536002278327942	-0.8912052512168884	0.0
-1.2671699523925781	0.7314649820327759	-0.000493000028654933	0.6251420378684998	0.3474023640155792	1.0	0	0.0	0	0.0	0	0.0	0.0	1.0	-0.8912049531936646	0.4536008834838867	6.103052091477323e-13	-0.4536008834838867	-0.8912049531936646	0.0
-1.3371779918670654	0.5953500270843506	-0.000493000028654933	0.6251707077026367	0.3541271984577179	1.0	0	0.0	0	0.0	0	0.0	0.0	1.0	-0.8912050127983093	0.45360061526298523	-3.1693588725678623e-12	-0.45360061526298523	-0.8912050127983093	0.0
-1.4744739532470703	0.8513129949569702	-0.000493000028654933	0.635702908039093	0.34684106707572937	1.0	0	0.0	0	0.0	0	0.0	0.0	1.0	-0.8912048935890198	0.4536009430885315	2.9697824061036826e-11	-0.4536009430885315	-0.8912048935890198	0.0
-1.5553189516067505	0.6924729943275452	-0.000493000028654933	0.6357028484344482	0.3546716868877411	1.0	0	0.0	0	0.0	0	0.0	0.0	1.0	-0.8912045359611511	0.4536016583442688	9.753030327797063e-11	-0.4536016583442688	-0.8912045359611511	0.0
-1.3775290250778198	1.0008339881896973	-0.000493000028654933	0.6348825097084045	0.3390544652938843	1.0	0	0.0	0	0.0	0	0.0	0.0	1.0	-0.8912050127983093	0.45360058546066284	-3.381607277183618e-12	-0.45360058546066284	-0.8912050127983093	0.0
-1.6851129531860352	0.9729290008544922	-0.000493000028654933	0.6464304327964783	0.3462769687175751	1.0	0	0.0	0	0.0	0	-0.8566536903381348	0.4938981235027313	0.1490270346403122	-0.29919639229774475	-0.09886126965284348	0.9490563273429871	0.5158917903900146	0.8199549913406372	0.24805139005184174
-1.777508020401001	0.791396975517273	-0.000493000028654933	0.6464304327964783	0.3552263081073761	1.0	0	0.0	0	0.0	0	-0.9033271074295044	0.40217727422714233	0.14917610585689545	-0.09643523395061493	0.29906630516052246	0.9493468999862671	0.3598179221153259	0.8997630476951599	-0.2468957006931305
-1.6192649602890015	0.5261080265045166	-0.000493000028654933	0.6348869204521179	0.3624601662158966	1.0	0	0.0	0	0.0	0	0.0	0.0	1.0	-0.8912048935890198	0.4536011815071106	3.496990544360479e-11	-0.4536011815071106	-0.8912048935890198	0.0
