3715	3964	12
1.7777279615402222	0.7914959788322449	-0.000493000028654933	0.06649170070886612	0.25770318508148193	1.0	0	0.0	0	0.0	0	0.9034190773963928	0.4022079408168793	0.14853525161743164	-0.07127264142036438	-0.3538379669189453	-0.9325871467590332	-0.3436654806137085	0.8864290714263916	-0.31006038188934326
1.6851379871368408	0.9728860259056091	-0.000493000028654933	0.0637190118432045	0.26621514558792114	1.0	0	0.0	0	0.0	0	0.8560597896575928	0.49492770433425903	0.1490245908498764	-0.37095484137535095	-0.3786706030368805	-0.8479393720626831	-0.4683865010738373	0.8647304773330688	-0.181260347366333
2.7478671073913574	1.5864349603652954	1.2889809608459473	0.011321877129375935	0.25230878591537476	1.0	0	0.0	0	0.0	0	0.627143144607544	0.36257046461105347	-0.6893722414970398	-0.49659278988838196	-0.49574100971221924	-0.7124861478805542	-0.6000765562057495	0.7891680598258972	-0.13085070252418518
2.8988490104675293	1.2906500101089478	1.2889800071716309	0.015843186527490616	0.2384287714958191	1.0	0	0.0	0	0.0	0	0.6617516875267029	0.2946341037750244	-0.6894022822380066	-0.5051190257072449	-0.5043028593063354	-0.7003809809684753	-0.5540236234664917	0.8117084503173828	-0.1848979890346527
0.7330570220947266	-0.532597005367279	-5.766265869140625	0.0909259170293808	0.5949403047561646	1.0	0	0.0	0	0.0	0	-0.4670979082584381	0.3393746614456177	-0.8164829015731812	0.006027051713317633	-0.9258413314819336	-0.3778644800186157	-0.8842032551765442	-0.1814272701740265	0.43042874336242676
0.8617600202560425	-0.28000301122665405	-5.766265869140625	0.07976967841386795	0.589285671710968	1.0	0	0.0	0	0.0	0	-0.5491057634353638	0.1784166395664215	-0.8164865970611572	-0.0036126975901424885	-0.9748401045799255	-0.2228763848543167	-0.8357507586479187	-0.11943899840116501	0.5359618663787842
0.9943220019340515	-0.32307499647140503	-5.837285995483398	0.08167551457881927	0.5834615230560303	1.0	0	0.0	0	0.0	0	-0.2802882194519043	0.09106925129890442	-0.9555861949920654	0.0026151847559958696	-0.9961336851119995	-0.08781217038631439	-0.959915816783905	-0.02711251936852932	0.2789742648601532
-1.5670980215072632	-0.37151700258255005	-7.471942901611328	0.9243058562278748	0.4001471996307373	1.0	0	0.0	0	0.0	0	-0.09958437830209732	-0.9477453827857971	0.3030868470668793	0.9944717288017273	-0.1049678698182106	-0.0027910599019378424	0.03445959463715553	0.3011333644390106	0.9529591798782349
-1.5722140073776245	-0.42019200325012207	-7.7809600830078125	0.9240172505378723	0.3865998089313507	1.0	0	0.0	0	0.0	0	-0.10452751070261002	-0.9945220947265625	0.0	0.9944717288017273	-0.10496744513511658	-0.0027908196207135916	0.002775531727820635	-0.00029171741334721446	0.9999961256980896
-1.1586689949035645	-0.37672701478004456	-7.7809600830078125	0.9423383474349976	0.3865998089313507	1.0	0	0.0	0	0.0	0	0.30900394916534424	-0.9510607719421387	0.0	0.9509159922599792	0.309436559677124	0.0027933712117373943	-0.0026566660962998867	-0.0008631628006696701	0.9999961256980896
0.7431449890136719	0.33086898922920227	-5.554691791534424	0.5003790259361267	0.65133136510849	1.0	0	0.0	0	0.0	0	0.38207128643989563	0.1700841337442398	0.9083462953567505	-0.9285016059875488	-0.03146347403526306	0.36999309062957764	0.09153608977794647	-0.9850489497184753	0.14594420790672302
0.8134729862213135	0.0	-5.554691791534424	0.4977151155471802	0.6659548282623291	1.0	0	0.0	0	0.0	0	0.41820839047431946	0.0	0.9083511829376221	-0.9101789593696594	-0.026777105405926704	0.41334882378578186	0.024323340505361557	-0.9996414184570312	-0.011198559775948524
1.175570011138916	0.0	-5.763749122619629	0.4817294180393219	0.6664237380027771	1.0	0	0.0	0	0.0	0	0.5967380404472351	0.0	0.802436113357544	-0.7956405878067017	-0.023383529856801033	0.6053174734115601	0.018764911219477654	-0.9997265338897705	-0.013954677619040012
-1.5388410091400146	-1.1180340051651	-7.999815940856934	0.5545344948768616	0.7326914668083191	1.0	0	0.0	0	0.0	0	-0.770460307598114	-0.5597854852676392	-0.3050101101398468	0.03990676999092102	0.43313613533973694	-0.9004446864128113	0.6361673474311829	-0.7059295773506165	-0.31137529015541077
-1.4012579917907715	-1.0180740356445312	-8.381781578063965	0.5714710354804993	0.7388549447059631	1.0	0	0.0	0	0.0	0	-0.7033819556236267	-0.5110178589820862	-0.4940795302391052	0.04458305984735489	0.6559919714927673	-0.7534500360488892	0.7091500759124756	-0.5519996285438538	-0.43863725662231445
-0.8660249710083008	-1.5	-8.381781578063965	0.5712183117866516	0.7616132497787476	1.0	0	0.0	0	0.0	0	-0.43468958139419556	-0.7529471516609192	-0.4940805733203888	-0.016465691849589348	0.5612999200820923	-0.8274486064910889	0.9003723859786987	-0.3515556752681732	-0.2563946843147278
-1.8605469465255737	0.3954710066318512	-7.999815940856934	0.8255789279937744	0.8539619445800781	1.0	0	0.0	0	0.0	0	-0.931543231010437	0.19797925651073456	-0.30501073598861694	0.20429325103759766	0.978909432888031	-0.0008382359519600868	0.298414021730423	-0.0630929246544838	-0.9523488283157349
-1.6942009925842285	0.3601129949092865	-8.381781578063965	0.8237457275390625	0.8707570433616638	1.0	0	0.0	0	0.0	0	-0.8504236936569214	0.1807360202074051	-0.49407893419265747	0.20770545303821564	0.9781913757324219	0.000374927039956674	0.4833715856075287	-0.10230404883623123	-0.8694170117378235
-1.6942009925842285	-0.3601140081882477	-8.381781578063965	0.7919577360153198	0.8707571029663086	1.0	0	0.0	0	0.0	0	-0.8504236936569214	-0.1807360202074051	-0.49407893419265747	-0.20604084432125092	0.978543221950531	0.0006663639796897769	0.48335808515548706	0.1023673266172409	-0.8694169521331787
-1.18538498878479	0.7000179886817932	-6.829904079437256	0.824221670627594	0.5922653079032898	1.0	0	0.0	0	0.0	0	0.29930049180984497	0.1332462579011917	0.9448093771934509	0.10420622676610947	0.9914175868034363	-0.07894555479288101	-0.9509683847427368	0.1225665956735611	0.2839660048484802
-1.2609130144119263	0.8039739727973938	-6.829904079437256	0.8284391760826111	0.5960429310798645	1.0	0	0.0	0	0.0	0	0.21921959519386292	0.24345187842845917	0.9448142051696777	0.10369773209095001	0.9864546060562134	-0.12709851562976837	-0.9729301333427429	0.127140611410141	0.19298262894153595
-1.4676860570907593	0.5743299722671509	-6.7809600830078125	0.8173949122428894	0.6040228605270386	1.0	0	0.0	0	0.0	0	0.0	0.0	1.0	0.10453155636787415	0.9945215582847595	-2.2696363544127962e-07	-0.9945215582847595	0.10453155636787415	0.0
-1.1498810052871704	-0.24441500008106232	-5.763749122619629	0.5847159028053284	0.6740753054618835	1.0	0	0.0	0	0.0	0	-0.5837041735649109	-0.12405925989151001	0.8024330139160156	-0.8068088293075562	-0.025089560076594353	-0.5902795791625977	0.09336235374212265	-0.9919588565826416	-0.08544723689556122
-1.4538110494613647	-0.30901700258255005	-6.043520927429199	0.5982189774513245	0.676494836807251	1.0	0	0.0	0	0.0	0	-0.7328642010688782	-0.155771404504776	0.6623031497001648	-0.6623973250389099	-0.004076478537172079	-0.7491416931152344	0.11940076947212219	-0.9877769947052002	-0.10020013898611069
-1.2024329900741577	-0.873619019985199	-6.043520927429199	0.5878737568855286	0.701622724533081	1.0	0	0.0	0	0.0	0	-0.6061447262763977	-0.44039416313171387	0.6623003482818604	-0.7438212633132935	-0.0017831472214311361	-0.6683762073516846	0.2955418527126312	-0.8978019952774048	-0.3265068531036377
-0.08503100275993347	0.80901700258255	-5.554691791534424	0.5363031625747681	0.6292356848716736	1.0	0	0.0	0	0.0	0	-0.043703868985176086	0.4159192442893982	0.9083507657051086	-0.9986217617988586	-0.0330217108130455	-0.04079393297433853	0.013028648681938648	-0.9089049696922302	0.4167998433113098
0.2513769865036011	0.7736589908599854	-5.554691791534424	0.52149897813797	0.631234347820282	1.0	0	0.0	0	0.0	0	0.12921863794326782	0.39775776863098145	0.9083453416824341	-0.9848495125770569	-0.021771129220724106	0.1720394492149353	0.08822400122880936	-0.9170039892196655	0.3889988362789154
0.36327099800109863	1.1180340051651	-5.763749122619629	0.5161001086235046	0.6162483096122742	1.0	0	0.0	0	0.0	0	0.18439604341983795	0.5675321221351624	0.8024371266365051	-0.9706812500953674	-0.03127037733793259	0.2383277714252472	0.16035360097885132	-0.8228697776794434	0.5451349020004272
0.8617590069770813	0.28000301122665405	-4.957249164581299	0.33121344447135925	0.5899619460105896	1.0	0	0.0	0	0.0	0	-0.5491057634353638	-0.1784166395664215	0.8164865970611572	0.15700262784957886	0.9405005574226379	0.3013450801372528	-0.8216971755027771	0.2936702072620392	-0.4884379506111145
0.7330560088157654	0.532597005367279	-4.957249164581299	0.34134310483932495	0.5972830653190613	1.0	0	0.0	0	0.0	0	-0.4670979082584381	-0.3393746614456177	0.8164829015731812	0.13743551075458527	0.8801806569099426	0.4543055593967438	-0.8728604316711426	0.3244294226169586	-0.3645001947879791
0.6435660123825073	0.4675779938697815	-5.067864894866943	0.3378942608833313	0.6007204651832581	1.0	0	0.0	0	0.0	0	-0.6500347256660461	-0.47228920459747314	0.595313310623169	0.047658782452344894	0.7551342844963074	0.6538355350494385	-0.7583418488502502	0.4533882737159729	-0.46835535764694214
-3.9999998989515007e-05	-3.1729400157928467	1.2889809608459473	0.137611523270607	0.1674862504005432	1.0	0	0.0	0	0.0	0	0.00039675182779319584	-0.7244077920913696	-0.6893715858459473	0.9999994039535522	0.0010055162711068988	-0.00045533300726674497	0.0010230210609734058	-0.6893709897994995	0.7244077920913696
-0.33168700337409973	-3.1558010578155518	1.2889800071716309	0.13133679330348969	0.16747897863388062	1.0	0	0.0	0	0.0	0	-0.07571860402822495	-0.7204102277755737	-0.6894025206565857	0.7987117767333984	-0.45771896839141846	0.3905802071094513	-0.5969305634498596	-0.5210596919059753	0.6100579500198364
-0.20340800285339355	-1.9353049993515015	-0.000493000028654933	0.13458091020584106	0.14284613728523254	1.0	0	0.0	0	0.0	0	-0.10336937755346298	-0.9834893345832825	0.14853817224502563	0.9912978410720825	-0.11756175756454468	0.059226781129837036	-0.04079632833600044	0.15340475738048553	0.9873209595680237
0.5443199872970581	0.60452800989151	-5.554691791534424	0.5087918639183044	0.6390500068664551	1.0	0	0.0	0	0.0	0	0.27983149886131287	0.31080856919288635	0.9083459973335266	-0.9585391879081726	-0.035358600318431854	0.2827586531639099	0.1200316995382309	-0.9500477910041809	0.28809985518455505
1.0739370584487915	0.4781480133533478	-5.763749122619629	0.48557913303375244	0.6452910304069519	1.0	0	0.0	0	0.0	0	0.5451351404190063	0.24271972477436066	0.8024430871009827	-0.8198407292366028	-0.02234547957777977	0.5721554756164551	0.15680798888206482	-0.9697997570037842	0.18681448698043823
2.3073570728302	0.5743299722671509	-7.7809600830078125	0.9254776835441589	0.544692873954773	1.0	0	0.0	0	0.0	0	1.0	0.0	0.0	-6.077258149161935e-05	0.9999999403953552	-0.0003813765069935471	0.0	0.0003813765069935471	0.9999999403953552
2.2584140300750732	0.5743299722671509	-8.089977264404297	0.9255741238594055	0.5311121940612793	1.0	0	0.0	0	0.0	0	0.9529630541801453	0.0	-0.3030864894390106	-6.097309960750863e-05	0.9999999403953552	-0.00038075039628893137	0.30308645963668823	0.00038132118061184883	0.9529629945755005
2.1761910915374756	0.9611589908599854	-8.089977264404297	0.9427986145019531	0.5311121940612793	1.0	0	0.0	0	0.0	0	0.8705827593803406	0.38759028911590576	-0.3030833899974823	-0.40668192505836487	0.9135697484016418	0.0003818267723545432	0.27703580260276794	0.12292612344026566	0.9529640078544617
0.9728620052337646	-1.6850459575653076	-0.000493000028654933	0.9107325077056885	0.6696130633354187	1.0	0	0.0	0	0.0	0	0.4944082200527191	-0.856333315372467	0.14917699992656708	-0.3230184316635132	0.05446500703692436	-0.94482421875	0.8541216850280762	0.44674837589263916	-0.26625576615333557
1.5863959789276123	-2.7477169036865234	1.2889800071716309	0.8592318892478943	0.6530011892318726	1.0	0	0.0	0	0.0	0	0.36220380663871765	-0.6273560523986816	-0.6893714070320129	-0.5251745581626892	0.47365137934684753	-0.7069979906082153	0.7700611352920532	0.61811763048172	-0.15791308879852295
0.7914119958877563	-1.7776010036468506	-0.000493000028654933	0.913952648639679	0.6612566709518433	1.0	0	0.0	0	0.0	0	0.4027244448661804	-0.9031086564064026	0.14902269840240479	-0.42617061734199524	0.3354508578777313	-0.8401496410369873	0.8857625126838684	0.34347856044769287	-0.3121655285358429
-1.5722140073776245	-0.42019200325012207	-7.7809600830078125	0.9240172505378723	0.3865998089313507	1.0	0	0.0	0	0.0	0	-0.10452751070261002	-0.9945220947265625	0.0	0.9945639371871948	-0.10409056395292282	-0.0027801638934761286	0.002764934441074729	-0.0002906036388594657	0.9999961256980896
-1.9676860570907593	-0.2916960120201111	-7.7809600830078125	0.9067606329917908	0.38650014996528625	1.0	0	0.0	0	0.0	0	-0.49998927116394043	-0.8660315871238708	0.0	0.8666215538978577	-0.4989039897918701	-0.007865102961659431	0.006811433471739292	-0.003932470455765724	0.9999690651893616
-1.9432140588760376	-0.2493090033531189	-8.089977264404297	0.9079192876815796	0.3729012608528137	1.0	0	0.0	0	0.0	0	-0.47646549344062805	-0.8252997398376465	-0.30308598279953003	0.8666211366653442	-0.4989047348499298	-0.007865139283239841	-0.14472003281116486	-0.26640838384628296	0.9529337882995605
1.8650410175323486	-2.5669379234313965	1.2889809608459473	0.85542893409729	0.6670954823493958	1.0	0	0.0	0	0.0	0	0.4254673719406128	-0.5863032341003418	-0.6893664002418518	-0.5177997350692749	0.46703633666038513	-0.7167708873748779	0.7422042489051819	0.6619163751602173	-0.10487893223762512
1.1437419652938843	-1.5741829872131348	-0.000493000028654933	0.908400297164917	0.6782563924789429	1.0	0	0.0	0	0.0	0	0.5807479023933411	-0.8003328442573547	0.14899423718452454	-0.3910229802131653	0.35758474469184875	-0.8480767607688904	0.8136857748031616	0.5649392008781433	-0.13696423172950745
-1.9432140588760376	0.2288379967212677	-6.971942901611328	0.8000339269638062	0.6232152581214905	1.0	0	0.0	0	0.0	0	-0.4862634837627411	-0.35329103469848633	0.7992079854011536	0.08338877558708191	0.8281643390655518	0.5542473793029785	-0.8629060387611389	0.33820104598999023	-0.3755171000957489
-2.0426270961761475	0.4521220028400421	-6.971942901611328	0.8093826174736023	0.6285845637321472	1.0	0	0.0	0	0.0	0	-0.5879435539245605	-0.12494373321533203	0.7991942763328552	0.18254613876342773	0.9116864204406738	0.36810973286628723	-0.7766771912574768	0.363285630941391	-0.51458340883255
-2.259023904800415	0.406125009059906	-7.193174839019775	0.8063747882843018	0.6378298997879028	1.0	0	0.0	0	0.0	0	-0.7981417775154114	-0.16962647438049316	0.5780973434448242	0.18254339694976807	0.9116880297660828	0.36810699105262756	-0.5917569398880005	0.40086835622787476	-0.6993770599365234
-0.699999988079071	0.0	-5.361756801605225	0.8789371848106384	0.24935296177864075	1.0	0	0.0	0	0.0	0	1.0	0.0	0.0	-1.237156311617582e-06	-5.382158860811614e-07	1.0	0.0	-1.0	-5.382158860811614e-07
-0.7244719862937927	0.0	-5.516265869140625	0.8721110820770264	0.2493070363998413	1.0	0	0.0	0	0.0	0	0.9495313167572021	0.0	-0.31367218494415283	0.3139612674713135	0.013406257145106792	0.9493411779403687	0.004205170087516308	-0.9999101161956787	0.012729661539196968
-0.6890140175819397	0.22387400269508362	-5.516265869140625	0.8721146583557129	0.23954656720161438	1.0	0	0.0	0	0.0	0	0.9030603170394897	-0.29341065883636475	-0.3136753737926483	0.33446386456489563	0.013409776613116264	0.9423131346702576	-0.272279292345047	-0.9558817744255066	0.11024545133113861
-0.994521975517273	1.7225619554519653	-7.172726154327393	0.292741984128952	0.7966288924217224	1.0	0	0.0	0	0.0	0	-0.49734243750572205	0.8614071011543274	0.1030941754579544	-0.004208071622997522	0.11641720682382584	-0.9931914806365967	-0.8675441741943359	-0.494390070438385	-0.05427435040473938
-0.994521975517273	1.7225619554519653	-7.59083890914917	0.31120723485946655	0.796642541885376	1.0	0	0.0	0	0.0	0	-0.49734243750572205	0.8614071011543274	-0.1030941754579544	0.005000870209187269	-0.11449158936738968	-0.993411660194397	-0.8675360083580017	-0.4945817291736603	0.05263378471136093
-1.6091699600219727	1.1691299676895142	-7.59083890914917	0.31147846579551697	0.8247364163398743	1.0	0	0.0	0	0.0	0	-0.8047025203704834	0.5846583247184753	-0.10309421271085739	0.02519531361758709	-0.14167781174182892	-0.9895921945571899	-0.5931798219680786	-0.7989253997802734	0.09927790611982346
-1.0759450197219849	0.9689429998397827	-4.98933219909668	0.3007267713546753	0.42047834396362305	1.0	0	0.0	0	0.0	0	-0.07117113471031189	0.06525037437677383	-0.9953277111053467	0.05258098617196083	-0.9961376786231995	-0.07032041251659393	-0.9960725903511047	-0.05734013766050339	0.06746536493301392
-1.2200959920883179	1.0985510349273682	-4.955850124359131	0.29467272758483887	0.4265022277832031	1.0	0	0.0	0	0.0	0	-0.21613670885562897	0.19459016621112823	-0.9567757248878479	0.05109003558754921	-0.9755971431732178	-0.21354183554649353	-0.9749864935874939	-0.09503649175167084	0.200921893119812
-0.667792022228241	1.4998339414596558	-4.955850124359131	0.27826160192489624	0.4013398289680481	1.0	0	0.0	0	0.0	0	-0.12107062339782715	0.2535555362701416	-0.9597142934799194	0.05133013799786568	-0.9646292328834534	-0.258564829826355	-0.991332471370697	-0.08056715130805969	0.1037735864520073
0.22387400269508362	0.6890130043029785	-5.207249164581299	0.8516259789466858	0.8963207006454468	1.0	0	0.0	0	0.0	0	-0.29341065883636475	-0.9030603170394897	0.3136753737926483	-0.011481224559247494	0.32662442326545715	0.9450845718383789	-0.9559336304664612	0.27369970083236694	-0.1062045767903328
0.2163120061159134	0.6657400131225586	-5.361756801605225	0.8448154926300049	0.8966774940490723	1.0	0	0.0	0	0.0	0	-0.30900394916534424	-0.9510607719421387	0.0	0.0016610057791694999	-0.0005409357254393399	0.9999984502792358	-0.9510592818260193	0.30900347232818604	0.0017468688311055303
0.41144999861717224	0.5663120150566101	-5.361756801605225	0.844892144203186	0.8882627487182617	1.0	0	0.0	0	0.0	0	-0.5877670049667358	-0.809030294418335	0.0	0.0014820096548646688	-0.001076043234206736	0.9999983906745911	-0.8090289235115051	0.5877659916877747	0.0018314530607312918
-1.5259790420532227	-0.4958209991455078	-5.067864894866943	0.2808782458305359	0.6882452964782715	1.0	0	0.0	0	0.0	0	-0.7744295001029968	-0.2516018748283386	0.5804787874221802	0.11568264663219452	0.8428577780723572	0.5255552530288696	-0.6214953660964966	0.4741595983505249	-0.6236315965652466
-1.2980749607086182	-0.943107008934021	-5.067864894866943	0.262940913438797	0.6752813458442688	1.0	0	0.0	0	0.0	0	-0.6587660908699036	-0.47860878705978394	0.5804832577705383	0.03990023583173752	0.7516434788703918	0.6583617329597473	-0.751419723033905	0.4568712115287781	-0.47606417536735535
-1.2085850238800049	-0.8780879974365234	-4.957249164581299	0.26638978719711304	0.671843945980072	1.0	0	0.0	0	0.0	0	-0.48364347219467163	-0.351402223110199	0.8016267418861389	0.14131902158260345	0.8742613196372986	0.46443113684654236	-0.8640379309654236	0.33790597319602966	-0.37317290902137756
-0.587785005569458	-1.0180740356445312	-8.99981689453125	0.6444570422172546	0.7253366112709045	1.0	0	0.0	0	0.0	0	-0.2983570098876953	-0.5167838931083679	-0.8024448156356812	0.6696485877037048	0.48789846897125244	-0.5599337220191956	0.6808786392211914	-0.7044185996055603	0.20049633085727692
-0.40673598647117615	-0.7044879794120789	-9.20887279510498	0.6590609550476074	0.7188741564750671	1.0	0	0.0	0	0.0	0	-0.20908993482589722	-0.3621763586997986	-0.9083555340766907	0.7408189177513123	0.5337026119232178	-0.4078589677810669	0.6326656937599182	-0.7583944797515869	0.15675419569015503
-0.08503100275993347	-0.80901700258255	-9.20887279510498	0.6678423881530762	0.7308974862098694	1.0	0	0.0	0	0.0	0	-0.043703868985176086	-0.4159192442893982	-0.9083507657051086	0.773360550403595	0.565565824508667	-0.2864418923854828	0.6328935623168945	-0.7150291800498962	0.29694971442222595
1.5935219526290894	0.5177670121192932	-5.207249164581299	0.23018158972263336	0.9120566844940186	1.0	0	0.0	0	0.0	0	0.9058930277824402	0.29432442784309387	0.3045177459716797	-0.3150346577167511	-0.01339063048362732	0.9489856362342834	0.2833873927593231	-0.9556131958961487	0.08059191703796387
1.3555309772491455	0.9848510026931763	-5.207249164581299	0.23016856610774994	0.8911072611808777	1.0	0	0.0	0	0.0	0	0.7705851197242737	0.559878945350647	0.30452287197113037	-0.359630286693573	-0.016816599294543266	0.9329434037208557	0.5274578928947449	-0.8284303545951843	0.18839135766029358
1.2980749607086182	0.943107008934021	-5.067864894866943	0.23631958663463593	0.8928330540657043	1.0	0	0.0	0	0.0	0	0.6587660908699036	0.47860878705978394	0.5804832577705383	-0.6198981404304504	-0.08768598735332489	0.7797675728797913	0.4241049885749817	-0.8735272884368896	0.2389247566461563
-1.9455779790878296	0.41354501247406006	-7.172726154327393	0.8265141248703003	0.8176167607307434	1.0	0	0.0	0	0.0	0	-0.9729377031326294	0.20679505169391632	0.10309233516454697	0.20919057726860046	0.9778748750686646	0.00023772123677190393	-0.10076232999563217	0.02179725095629692	-0.9946717619895935
-1.9455779790878296	0.41354501247406006	-7.59083890914917	0.8265153765678406	0.8359866738319397	1.0	0	0.0	0	0.0	0	-0.9729377031326294	0.20679505169391632	-0.10309233516454697	0.20787353813648224	0.9781556725502014	0.00037626546691171825	0.10091815888881683	-0.02106408402323723	-0.9946717619895935
-1.9455779790878296	-0.41354599595069885	-7.59083890914917	0.7900108695030212	0.8359866738319397	1.0	0	0.0	0	0.0	0	-0.9729377031326294	-0.20679505169391632	-0.10309233516454697	-0.207368865609169	0.9782628417015076	-0.0003197683545295149	0.10091754049062729	0.021067028865218163	-0.9946717619895935
0.7244709730148315	0.0	-5.207249164581299	0.9180139303207397	0.6006012558937073	1.0	0	0.0	0	0.0	0	-0.9495313167572021	0.0	0.31367218494415283	0.3090093731880188	0.011698114685714245	0.9509870409965515	-0.0036694169975817204	0.9999315738677979	-0.011107858270406723
0.699999988079071	0.0	-5.361756801605225	0.9111918210983276	0.6006413102149963	1.0	0	0.0	0	0.0	0	-1.0	0.0	0.0	-2.3686870918027125e-06	-6.275197961258527e-07	1.0	0.0	1.0	6.275197961258527e-07
0.6657400131225586	-0.2163120061159134	-5.361756801605225	0.9111951589584351	0.5912002921104431	1.0	0	0.0	0	0.0	0	-0.9510607719421387	0.30900394916534424	0.0	1.6926361467994866e-07	-6.396383014362073e-07	1.0	0.30900394916534424	0.9510607719421387	5.560318072639348e-07
0.6677539944648743	-1.4998509883880615	-4.955850124359131	0.4136764407157898	0.3496999442577362	1.0	0	0.0	0	0.0	0	0.12106800824403763	-0.25351953506469727	-0.9597241282463074	0.05113011226058006	-0.9642622470855713	0.25996920466423035	-0.9913337826728821	-0.08054481446743011	-0.1037789061665535
0.7295830249786377	-1.638725996017456	-4.888885974884033	0.41994237899780273	0.3473091125488281	1.0	0	0.0	0	0.0	0	0.24662819504737854	-0.5535934567451477	-0.795430064201355	-0.008655890822410583	-0.8192270398139954	0.57340407371521	-0.9690812826156616	-0.13453394174575806	-0.20683862268924713
0.3413670063018799	-1.6059000492095947	-4.955850124359131	0.4175928831100464	0.3642657995223999	1.0	0	0.0	0	0.0	0	0.06158770993351936	-0.2897185981273651	-0.9551283121109009	0.05068152770400047	-0.9558926224708557	0.28931090235710144	-0.9968257546424866	-0.0662258192896843	-0.044188160449266434
-0.7961599826812744	1.0958210229873657	-5.837285995483398	0.019007617607712746	0.6621270775794983	1.0	0	0.0	0	0.0	0	-0.1898583471775055	0.261333703994751	-0.9463924169540405	0.001128715113736689	-0.9648840427398682	-0.2626740038394928	-0.9818114042282104	-0.050939418375492096	0.18289759755134583
-0.4185659885406494	1.2882139682769775	-5.837285995483398	0.010510253719985485	0.6455373167991638	1.0	0	0.0	0	0.0	0	-0.0997973382472992	0.3072049021720886	-0.9463961720466614	-0.0005625264020636678	-0.9491811394691467	-0.3147299885749817	-0.9950078129768372	-0.030877456068992615	0.09490044414997101
-0.7053419947624207	0.9708210229873657	-5.861756801605225	0.02452964521944523	0.6581369638442993	1.0	0	0.0	0	0.0	0	-0.009399926289916039	0.013001196086406708	-0.9998713731765747	2.825815863616299e-05	-0.9999877214431763	-0.00496097793802619	-0.9999558925628662	-7.488977280445397e-05	0.009399747475981712
0.7914119958877563	-1.7776010036468506	-4.464778900146484	0.15354204177856445	0.058596424758434296	1.0	0	0.0	0	0.0	0	0.4068535268306732	-0.9123760461807251	-0.045168641954660416	0.9133830070495605	0.4070703387260437	0.005020554643124342	0.013806181028485298	-0.04329890012741089	0.9989668130874634
0.9728620052337646	-1.6850459575653076	-4.464778900146484	0.15704293549060822	0.05857466906309128	1.0	0	0.0	0	0.0	0	0.49947312474250793	-0.8651511669158936	-0.04516804590821266	0.8668675422668457	0.49849966168403625	0.006213738117367029	0.017140451818704605	-0.04225835204124451	0.9989597797393799
0.9728620052337646	-1.6850459575653076	-0.000493000028654933	0.1570429503917694	0.1427934169769287	1.0	0	0.0	0	0.0	0	0.4944082200527191	-0.856333315372467	0.14917699992656708	0.9017667174339294	0.432222843170166	0.0004237371904309839	-0.06502753496170044	0.13470064103603363	0.9887502789497375
1.7006620168685913	0.13752000033855438	-6.971942901611328	0.9160467386245728	0.7882030010223389	1.0	0	0.0	0	0.0	0	0.4021814167499542	-0.4466783106327057	0.7992050647735596	0.7609483599662781	-0.16069835424423218	-0.6285966634750366	0.4124232530593872	0.8677210807800293	0.2774297297000885
1.4889930486679077	0.015313000418245792	-6.971942901611328	0.9080244898796082	0.7810176014900208	1.0	0	0.0	0	0.0	0	0.18573802709579468	-0.5716495513916016	0.7991985082626343	0.8352401852607727	-0.24581190943717957	-0.4918844699859619	0.47992271184921265	0.7625142335891724	0.4338735342025757
1.5573569536209106	-0.19509099423885345	-7.193174839019775	0.912907600402832	0.7726112604141235	1.0	0	0.0	0	0.0	0	0.2521493434906006	-0.7760107517242432	0.5781245231628418	0.8352411985397339	-0.24581001698970795	-0.49188387393951416	0.5274375677108765	0.6110976934432983	0.5902280807495117
3.155561923980713	0.33162200450897217	1.2889809608459473	0.2333555817604065	0.25181907415390015	1.0	0	0.0	0	0.0	0	0.7204036712646484	0.07611466944217682	-0.6893657445907593	-0.10499132424592972	0.9944732189178467	0.0001127051655203104	0.6855643391609192	0.07229622453451157	0.7244135141372681
3.173185110092163	0.0	1.2889800071716309	0.22273316979408264	0.2518192529678345	1.0	0	0.0	0	0.0	0	0.7243781685829163	0.0	-0.6894029378890991	-7.235143129946664e-05	1.0	-7.602045661769807e-05	0.6894029378890991	0.00010494684829609469	0.7243781685829163
1.9459660053253174	0.0	-0.000493000028654933	0.22440993785858154	0.21071670949459076	1.0	0	0.0	0	0.0	0	0.9889070391654968	0.0	0.14853595197200775	3.910196483047912e-06	1.0	-9.512348333373666e-05	-0.14853595197200775	9.46490908972919e-05	0.9889070391654968
0.0	1.493893027305603	-5.766265869140625	0.989799439907074	0.5527216196060181	1.0	0	0.0	0	0.0	0	0.0	0.5978199243545532	-0.8016304969787598	0.032467909157276154	-0.8053039312362671	-0.5919725298881531	-0.9994727373123169	-0.026027880609035492	-0.019410420209169388
0.0	1.6045089960098267	-5.6556501388549805	0.9848526120185852	0.5525011420249939	1.0	0	0.0	0	0.0	0	0.0	0.8142796158790588	-0.5804728865623474	0.026215730234980583	-0.5798214077949524	-0.814321756362915	-0.9996563196182251	-0.015217523090541363	-0.021346936002373695
0.49581998586654663	1.5259790420532227	-5.6556501388549805	0.9848964214324951	0.5308986306190491	1.0	0	0.0	0	0.0	0	0.25163042545318604	0.7744234800338745	-0.5804742574691772	0.009974630549550056	-0.601011335849762	-0.7991781830787659	-0.967774510383606	0.195307657122612	-0.15895740687847137
-1.5670980215072632	1.5201760530471802	-8.089977264404297	0.8815919756889343	0.941335141658783	1.0	0	0.0	0	0.0	0	-0.09958437830209732	0.9477453827857971	-0.3030868470668793	-0.019176563248038292	0.4542922079563141	0.8906463384628296	0.995024561882019	0.09578000009059906	-0.027430592104792595
-1.1737929582595825	1.4788379669189453	-8.089977264404297	0.8815919160842896	0.9585134983062744	1.0	0	0.0	0	0.0	0	0.2944781184196472	0.9063236117362976	-0.30308446288108826	-0.02088511921465397	0.4774078130722046	0.8784335255622864	0.9531653523445129	-0.2556554079055786	0.16160453855991364
-1.2176860570907593	1.34375	-8.368744850158691	0.8692024350166321	0.9563379287719727	1.0	0	0.0	0	0.0	0	0.2521493434906006	0.7760107517242432	-0.5781245231628418	-0.02088407427072525	0.4774061143398285	0.8784346580505371	0.9675682783126831	-0.2115865796804428	0.1379949003458023
1.493893027305603	0.0	-4.957249164581299	0.3233664035797119	0.5606063604354858	1.0	0	0.0	0	0.0	0	0.5978199243545532	0.0	0.8016304969787598	0.12526708841323853	0.9878396391868591	-0.09209232777357101	-0.7918828129768372	0.15547263622283936	0.5905505418777466
1.3545089960098267	0.0	-4.886229038238525	0.32239970564842224	0.5666542649269104	1.0	0	0.0	0	0.0	0	0.30946284532546997	0.0	0.9509115815162659	0.15933237969875336	0.9862975478172302	-0.04278434440493584	-0.9379165768623352	0.16475729644298553	0.30523377656936646
1.2882150411605835	-0.4185659885406494	-4.886229038238525	0.3036825954914093	0.5666542649269104	1.0	0	0.0	0	0.0	0	0.3072049021720886	-0.0997973382472992	0.9463961720466614	0.15533143281936646	0.986503005027771	0.05180688947439194	-0.9387941956520081	0.1310899406671524	0.3185606598854065
-1.3019429445266724	-1.4459550380706787	-0.000493000028654933	0.5828882455825806	0.4333532154560089	1.0	0	0.0	0	0.0	0	-0.6616447567939758	-0.734828531742096	0.1491752713918686	-0.7502784132957458	0.6587085127830505	0.05643902346491814	-0.13976624608039856	-0.07459652423858643	-0.9873705506324768
-0.6012619733810425	-1.8504940271377563	-0.000493000028654933	0.547203779220581	0.4352291524410248	1.0	0	0.0	0	0.0	0	-0.3055571913719177	-0.9404153823852539	0.14917734265327454	-0.948249340057373	0.3157796263694763	-0.033262044191360474	-0.015828199684619904	-0.15163202583789825	-0.9883102774620056
-1.777508020401001	-0.791396975517273	-0.000493000028654933	0.6147207021713257	0.41720128059387207	1.0	0	0.0	0	0.0	0	-0.9033271074295044	-0.40217727422714233	0.14917610585689545	-0.4346465468406677	0.8847602009773254	0.1681724488735199	-0.20000353455543518	0.08724308013916016	-0.9759032726287842
-0.587785005569458	-1.0180740356445312	-5.763749122619629	0.5609320402145386	0.7087957859039307	1.0	0	0.0	0	0.0	0	-0.2983570098876953	-0.5167838931083679	0.8024448156356812	-0.9347158074378967	-0.034302759915590286	-0.353736937046051	0.2103486955165863	-0.855667233467102	-0.47284993529319763
-0.9510560035705566	-0.69098299741745	-5.763749122619629	0.5765334367752075	0.6939499974250793	1.0	0	0.0	0	0.0	0	-0.4827544391155243	-0.35075843334198	0.8024442195892334	-0.8491337299346924	-0.024399707093834877	-0.5276139974594116	0.20464693009853363	-0.9361017346382141	-0.28606516122817993
1.7376669645309448	0.7736589908599854	-7.999815940856934	0.08638288825750351	0.7957212328910828	1.0	0	0.0	0	0.0	0	0.8700156211853027	0.3873518407344818	-0.3050105571746826	-0.3287254571914673	-0.014901917427778244	-0.9443079829216003	-0.3703272342681885	0.9218338131904602	0.11436830461025238
1.9021129608154297	0.0	-7.999815940856934	0.08636968582868576	0.7614526152610779	1.0	0	0.0	0	0.0	0	0.9523497819900513	0.0	-0.30500826239585876	-0.3047228753566742	-0.012961681000888348	-0.9523529410362244	-0.003953419625759125	0.9999160766601562	-0.012344053015112877
1.7320510149002075	0.0	-8.381781578063965	0.10325346142053604	0.7617704272270203	1.0	0	0.0	0	0.0	0	0.8694145679473877	0.0	-0.49408334493637085	-0.4889968931674957	-0.021070435643196106	-0.8720309734344482	-0.01041072141379118	0.9997780323028564	-0.01831924356520176
0.7295830249786377	1.638725996017456	-4.888885974884033	0.27538996934890747	0.3397088944911957	1.0	0	0.0	0	0.0	0	0.24662819504737854	0.5535934567451477	-0.795430064201355	0.10331859439611435	-0.8285840153694153	-0.5502488017082214	-0.9637044072151184	0.0535246841609478	-0.26155129075050354
1.0543869733810425	1.451200008392334	-4.888885974884033	0.284417986869812	0.32589325308799744	1.0	0	0.0	0	0.0	0	0.3447171747684479	0.4746994972229004	-0.8098335862159729	0.07113585621118546	-0.8761123418807983	-0.47683021426200867	-0.9358689785003662	0.10676480084657669	-0.3357836604118347
0.6677539944648743	1.4998509883880615	-4.955850124359131	0.2813742160797119	0.34274381399154663	1.0	0	0.0	0	0.0	0	0.12097582221031189	0.24607165157794952	-0.961672306060791	0.051358774304389954	-0.9685787558555603	-0.24334657192230225	-0.9913378357887268	-0.019951291382312775	-0.12981277704238892
1.4889930486679077	0.015313000418245792	-8.589977264404297	0.1835089921951294	0.9310221076011658	1.0	0	0.0	0	0.0	0	0.18573802709579468	-0.5716495513916016	-0.7991985082626343	0.9480104446411133	-0.20104612410068512	0.24669146537780762	-0.3030344545841217	-0.8070307374000549	0.5068250298500061
1.2459169626235962	-0.010235999710857868	-8.589977264404297	0.17324233055114746	0.9343404769897461	1.0	0	0.0	0	0.0	0	-0.06280801445245743	-0.5977748036384583	-0.7991999387741089	0.9768083691596985	-0.20742979645729065	0.05308772996068001	-0.19755275547504425	-0.7774896621704102	0.5970616936683655
1.275056004524231	0.26700499653816223	-8.732016563415527	0.17195680737495422	0.922166645526886	1.0	0	0.0	0	0.0	0	-0.03424244746565819	-0.325822114944458	-0.9448108673095703	0.9768084287643433	-0.20742948353290558	0.05308699607849121	-0.21330593526363373	-0.92119961977005	0.3254104554653168
1.7006620168685913	0.13752000033855438	-8.589977264404297	0.1915312260389328	0.9238367080688477	1.0	0	0.0	0	0.0	0	0.4021814167499542	-0.4466783106327057	-0.7992050647735596	0.904297411441803	-0.1923159658908844	0.3811309039592743	-0.32740259170532227	-0.8853586912155151	0.3300721347332001
1.5141299962997437	0.34468498826026917	-8.732016563415527	0.1815718561410904	0.9166444540023804	1.0	0	0.0	0	0.0	0	0.21921959519386292	-0.24345187842845917	-0.9448142051696777	0.9042976498603821	-0.1923149675130844	0.38113078474998474	-0.27632343769073486	-0.9442132115364075	0.17918333411216736
1.5896580219268799	0.44864100217819214	-8.732016563415527	0.18388019502162933	0.9114869832992554	1.0	0	0.0	0	0.0	0	0.29930049180984497	-0.1332462579011917	-0.9448093771934509	0.8753273487091064	-0.18653875589370728	0.446100115776062	-0.2378503978252411	-0.9693616628646851	0.06136166304349899
2.046431064605713	0.9033859968185425	-8.368744850158691	0.940497875213623	0.5188532471656799	1.0	0	0.0	0	0.0	0	0.7454061508178711	0.33186808228492737	-0.578129231929779	-0.3062084913253784	0.9461452960968018	0.10509788244962692	0.5820545554161072	0.09871828556060791	0.8071352243423462
2.1163740158081055	0.5743299722671509	-8.368744850158691	0.9258458614349365	0.5188532471656799	1.0	0	0.0	0	0.0	0	0.8159669041633606	0.0	-0.5780986547470093	-0.10509723424911499	0.9888928532600403	-0.10509750992059708	0.5718563199043274	0.146558478474617	0.8071560859680176
1.8951430320739746	0.5743299722671509	-8.589977264404297	0.9262661933898926	0.5091158747673035	1.0	0	0.0	0	0.0	0	0.6010688543319702	0.0	-0.799197256565094	-0.10509789735078812	0.9888927936553955	-0.10509805381298065	0.7904917597770691	0.14719702303409576	0.5945215225219727
1.0454909801483154	0.0	-4.886229038238525	0.32026463747024536	0.5800639390945435	1.0	0	0.0	0	0.0	0	-0.33162257075309753	0.0	0.9434121251106262	0.1558452844619751	0.9861568808555603	0.056629735976457596	-0.9303538203239441	0.16580627858638763	-0.3270323872566223
0.9061070084571838	0.0	-4.957249164581299	0.31930530071258545	0.5861130356788635	1.0	0	0.0	0	0.0	0	-0.577366054058075	0.0	0.8164855241775513	0.12436530739068985	0.9871232509613037	0.10060306638479233	-0.8060147762298584	0.1596357822418213	-0.5699618458747864
0.8617600202560425	-0.28000301122665405	-4.957249164581299	0.30678436160087585	0.5861130356788635	1.0	0	0.0	0	0.0	0	-0.5491057634353638	0.1784166395664215	0.8164865970611572	0.15663650631904602	0.981057345867157	-0.11398071050643921	-0.8213629126548767	0.06530468165874481	-0.5666553974151611
0.6145240068435669	0.8458200097084045	-4.886229038238525	0.35418418049812317	0.6045788526535034	1.0	0	0.0	0	0.0	0	-0.17322610318660736	-0.23844528198242188	0.955581784248352	0.15259963274002075	0.9546043872833252	0.25581979751586914	-0.9732464551925659	0.1901448667049408	-0.12898167967796326
0.7053419947624207	0.9708200097084045	-4.861756801605225	0.36026322841644287	0.6014968156814575	1.0	0	0.0	0	0.0	0	0.009674531407654285	0.013336814008653164	0.9998643398284912	0.15642055869102478	0.9875947833061218	-0.013756883330643177	-0.987644612789154	0.15653248131275177	0.0074683669954538345
0.32307499647140503	0.9943220019340515	-4.886229038238525	0.3586485981941223	0.6182467937469482	1.0	0	0.0	0	0.0	0	-0.10245367139577866	-0.3153876066207886	0.9434160590171814	0.1474451869726181	0.9320851564407349	0.33087360858917236	-0.9837022423744202	0.1730021983385086	-0.048993390053510666
1.5741239786148071	-1.1436680555343628	-0.000493000028654933	0.9069976806640625	0.7049654722213745	1.0	0	0.0	0	0.0	0	0.7999664545059204	-0.5812056064605713	0.14917732775211334	-0.12384127825498581	0.19512172043323517	-0.9729289412498474	0.5743457078933716	0.813642680644989	0.09006994962692261
1.6851379871368408	-0.9728860259056091	-0.000493000028654933	0.9084011912345886	0.7138051986694336	1.0	0	0.0	0	0.0	0	0.8560597896575928	-0.49492770433425903	0.1490245908498764	-0.39622509479522705	0.4339730739593506	-0.8091188073158264	0.4548521935939789	0.8582857251167297	0.23760300874710083
2.5668420791625977	-1.8649189472198486	1.2889800071716309	0.8531417846679688	0.7106485962867737	1.0	0	0.0	0	0.0	0	0.5860592126846313	-0.42580318450927734	-0.6893665790557861	-0.5133857727050781	0.46307528018951416	-0.7224931120872498	0.626868486404419	0.7773348093032837	0.05278824642300606
0.7330570220947266	-0.532597005367279	-4.957249164581299	0.29487624764442444	0.5899619460105896	1.0	0	0.0	0	0.0	0	-0.4670979082584381	0.3393746614456177	0.8164829015731812	0.14939332008361816	0.9384793639183044	-0.31134897470474243	-0.8719295263290405	-0.023453716188669205	-0.48906946182250977
0.6435660123825073	-0.4675779938697815	-5.067864894866943	0.2971000373363495	0.5942931175231934	1.0	0	0.0	0	0.0	0	-0.6500347256660461	0.47228920459747314	0.595313310623169	0.19905079901218414	0.8659564256668091	-0.4588008522987366	-0.7322173118591309	-0.17974264919757843	-0.6569249629974365
0.4675779938697815	-0.6435660123825073	-5.067864894866943	0.2882069945335388	0.6007204651832581	1.0	0	0.0	0	0.0	0	-0.47228920459747314	0.6500347256660461	0.595313310623169	0.1880205273628235	0.7329084277153015	-0.6538299322128296	-0.861323356628418	-0.19686593115329742	-0.4683651626110077
0.9431059956550598	1.2980749607086182	-5.6556501388549805	0.9850234985351562	0.5117278099060059	1.0	0	0.0	0	0.0	0	0.47860878705978394	0.6587660908699036	-0.5804832577705383	-0.06778046488761902	-0.632392406463623	-0.7716771364212036	-0.8754485845565796	0.40867719054222107	-0.25801727175712585
0.5177670121192932	1.5935219526290894	-5.516265869140625	0.9787030816078186	0.5298026204109192	1.0	0	0.0	0	0.0	0	0.29432442784309387	0.9058930277824402	-0.3045177459716797	0.014565031044185162	-0.32178881764411926	-0.9466994404792786	-0.955599308013916	0.2742016017436981	-0.10790471732616425
1.1589679718017578	-1.2871639728546143	-8.381781578063965	0.571471095085144	0.85085529088974	1.0	0	0.0	0	0.0	0	0.5817611217498779	-0.6460960507392883	-0.4940788149833679	-0.05887511372566223	0.5790084004402161	-0.8131930828094482	0.8114941716194153	0.5021839141845703	0.29881206154823303
0.5352330207824707	-1.6472779512405396	-8.381781578063965	0.5712183117866516	0.8229131102561951	1.0	0	0.0	0	0.0	0	0.26866307854652405	-0.8268645405769348	-0.4940800666809082	-0.016155680641531944	0.5092303156852722	-0.8604786992073059	0.9630998969078064	0.23916105926036835	0.1234528198838234
0.459289014339447	-1.41354501247406	-8.720044136047363	0.5862909555435181	0.8199108242988586	1.0	0	0.0	0	0.0	0	0.23152059316635132	-0.7125682830810547	-0.6623026728630066	-0.03892486169934273	0.6663320064544678	-0.7446385622024536	0.9719617962837219	0.19818787276744843	0.1265385001897812
0.3413659930229187	1.6059010028839111	-4.955850124359131	0.2759360074996948	0.35681790113449097	1.0	0	0.0	0	0.0	0	0.06158770993351936	0.2897185981273651	-0.9551283121109009	0.05080464109778404	-0.9554885029792786	-0.2906208634376526	-0.9968200325965881	-0.030626513063907623	-0.07356595993041992
