72	44	6
-1.0	4.168378829956055	-1.0	0.5114197731018066	0.6578352451324463	1.0	0	0.0	0	0.0	0	0.0	0.0	-1.0	1.0	0.0	0.0	0.0	-1.0	0.0
1.0	6.182671546936035	-1.0	0.681892991065979	0.8295266628265381	1.0	0	0.0	0	0.0	0	0.0	0.0	-1.0	1.0	0.0	0.0	0.0	-1.0	0.0
1.0	4.168378829956055	-1.0	0.681892991065979	0.6578352451324463	1.0	0	0.0	0	0.0	0	0.0	0.0	-1.0	1.0	0.0	0.0	0.0	-1.0	0.0
1.0	2.1683785915374756	1.0	0.5114197731018066	0.48566925525665283	1.0	0	0.0	0	0.0	0	0.0	-1.0	0.0	-1.0	0.0	0.0	0.0	0.0	-1.0
-1.0	2.1683785915374756	3.019860029220581	0.681892991065979	0.6578353047370911	1.0	5	0.0	0	0.0	0	0.0	-1.0	0.0	-1.0	0.0	0.0	0.0	0.0	-1.0
-1.0	2.1683785915374756	1.0	0.681892991065979	0.48566925525665283	1.0	0	0.0	0	0.0	0	0.0	-1.0	0.0	-1.0	0.0	0.0	0.0	0.0	-1.0
-1.0	4.168378829956055	1.0	0.24253475666046143	0.36396926641464233	1.0	0	0.0	0	0.0	0	-1.0	0.0	0.0	0.0	0.7053799033164978	-0.7088294625282288	0.0	-0.7088294625282288	-0.7053799033164978
-1.0	2.1683785915374756	-1.0	0.24312278628349304	0.12288439273834229	1.0	0	0.0	0	0.0	0	-1.0	0.0	0.0	0.0	0.7053799033164978	-0.7088294625282288	0.0	-0.7088294625282288	-0.7053799033164978
-1.0	2.1683785915374756	1.0	0.1222863495349884	0.24313277006149292	1.0	0	0.0	0	0.0	0	-1.0	0.0	0.0	0.0	0.7053797841072083	-0.7088295817375183	0.0	-0.7088295817375183	-0.7053797841072083
1.0	2.1683785915374756	-1.0	0.17047321796417236	0.6590316295623779	1.0	0	0.0	0	0.0	0	0.0	0.0	-1.0	1.0	0.0	0.0	0.0	-1.0	0.0
-1.0	0.13448262214660645	-1.0	0.0	0.48566925525665283	1.0	0	0.0	0	0.0	0	0.0	0.0	-1.0	1.0	0.0	0.0	0.0	-1.0	0.0
-1.0	2.1683785915374756	-1.0	0.0	0.6590316295623779	1.0	0	0.0	0	0.0	0	0.0	0.0	-1.0	1.0	0.0	0.0	0.0	-1.0	0.0
1.0	4.168378829956055	-1.0	0.8478502035140991	0.24194860458374023	1.0	0	0.0	0	0.0	0	1.0	0.0	0.0	0.0	0.7053802609443665	-0.7088291645050049	0.0	0.7088291645050049	0.7053802609443665
1.0	2.1683785915374756	1.0	0.6067652702331543	0.2425365447998047	1.0	0	0.0	0	0.0	0	1.0	0.0	0.0	0.0	0.7053802013397217	-0.7088292241096497	0.0	0.7088292241096497	0.7053802013397217
1.0	2.1683785915374756	-1.0	0.7276017665863037	0.36278486251831055	1.0	0	0.0	0	0.0	0	1.0	0.0	0.0	0.0	0.7053801417350769	-0.7088292241096497	0.0	0.7088292241096497	0.7053801417350769
-1.0	2.1683785915374756	-1.0	0.17047321796417236	0.8298876285552979	1.0	0	0.0	0	0.0	0	0.0	-1.0	0.0	-1.0	0.0	0.0	0.0	0.0	-1.0
1.0	2.1683785915374756	-3.0044898986816406	0.0	0.6590316295623779	1.0	3	0.0	0	0.0	0	0.0	-1.0	0.0	-1.0	0.0	0.0	0.0	0.0	-1.0
1.0	2.1683785915374756	-1.0	0.0	0.8298876285552979	1.0	0	0.0	0	0.0	0	0.0	-1.0	0.0	-1.0	0.0	0.0	0.0	0.0	-1.0
-1.0	4.168378829956055	-3.0044898986816406	0.681892991065979	0.997089147567749	1.0	3	0.0	0	0.0	0	0.0	0.0	-1.0	1.0	0.0	0.0	0.0	-1.0	0.0
1.0	2.1683785915374756	-3.0044898986816406	0.8523662090301514	0.8266158103942871	1.0	3	0.0	0	0.0	0	0.0	0.0	-1.0	1.0	0.0	0.0	0.0	-1.0	0.0
-1.0	2.1683785915374756	-3.0044898986816406	0.681892991065979	0.8266158103942871	1.0	3	0.0	0	0.0	0	0.0	0.0	-1.0	1.0	0.0	0.0	0.0	-1.0	0.0
1.0	4.168378829956055	-1.0	0.3409464955329895	0.8298876285552979	1.0	0	0.0	0	0.0	0	0.0	1.0	0.0	1.0	0.0	0.0	0.0	0.0	-1.0
-1.0	4.168378829956055	-3.0044898986816406	0.17047327756881714	0.6590316295623779	1.0	3	0.0	0	0.0	0	0.0	1.0	0.0	1.0	0.0	0.0	0.0	0.0	-1.0
-1.0	4.168378829956055	-1.0	0.17047327756881714	0.8298876285552979	1.0	0	0.0	0	0.0	0	0.0	1.0	0.0	1.0	0.0	0.0	0.0	0.0	-1.0
1.0	4.168378829956055	-3.0044898986816406	0.9689579010009766	0.36246681213378906	1.0	3	0.0	0	0.0	0	1.0	0.0	0.0	0.0	0.7053801417350769	-0.7088292837142944	0.0	0.7088292837142944	0.7053801417350769
-1.0	4.168378829956055	-1.0	0.36337122321128845	0.24372082948684692	1.0	0	0.0	0	0.0	0	-1.0	0.0	0.0	0.0	0.7053799629211426	-0.708829402923584	0.0	-0.708829402923584	-0.7053799629211426
-1.0	2.1683785915374756	-3.0044898986816406	0.36423054337501526	0.0023660659790039062	1.0	3	0.0	0	0.0	0	-1.0	0.0	0.0	0.0	0.705379843711853	-0.7088295817375183	0.0	-0.7088295817375183	-0.705379843711853
1.0	4.168378829956055	3.019860029220581	0.3409465551376343	1.0000001192092896	1.0	5	0.0	0	0.0	0	0.0	0.0	1.0	-1.0	0.0	0.0	0.0	-1.0	0.0
-1.0	2.1683785915374756	3.019860029220581	0.5114197731018066	0.8295267820358276	1.0	5	0.0	0	0.0	0	0.0	0.0	1.0	-1.0	0.0	0.0	0.0	-1.0	0.0
1.0	2.1683785915374756	3.019860029220581	0.3409465551376343	0.8295267820358276	1.0	5	0.0	0	0.0	0	0.0	0.0	1.0	-1.0	0.0	0.0	0.0	-1.0	0.0
-1.0	4.168378829956055	1.0	0.3409464359283447	0.48566925525665283	1.0	0	0.0	0	0.0	0	0.0	1.0	0.0	1.0	0.0	0.0	0.0	0.0	-1.0
1.0	4.168378829956055	3.019860029220581	0.5114196538925171	0.6578353047370911	1.0	5	0.0	0	0.0	0	0.0	1.0	0.0	1.0	0.0	0.0	0.0	0.0	-1.0
1.0	4.168378829956055	1.0	0.5114196538925171	0.48566925525665283	1.0	0	0.0	0	0.0	0	0.0	1.0	0.0	1.0	0.0	0.0	0.0	0.0	-1.0
1.0	4.168378829956055	1.0	0.7270137071609497	0.12169981002807617	1.0	0	0.0	0	0.0	0	1.0	0.0	0.0	0.0	0.7053806781768799	-0.7088287472724915	0.0	0.7088287472724915	0.7053806781768799
1.0	2.1683785915374756	3.019860029220581	0.48472893238067627	0.12109375	1.0	5	0.0	0	0.0	0	1.0	0.0	0.0	0.0	0.7053800821304321	-0.7088292837142944	0.0	0.7088292837142944	0.7053800821304321
-1.0	4.168378829956055	3.019860029220581	0.12049838900566101	0.48541170358657837	1.0	5	0.0	0	0.0	0	-1.0	0.0	0.0	0.0	0.7053797841072083	-0.7088296413421631	0.0	-0.7088296413421631	-0.7053797841072083
-1.0	6.182671546936035	-1.0	0.681892991065979	0.48566925525665283	1.0	0	0.0	0	0.0	0	0.0	1.0	0.0	1.0	0.0	0.0	0.0	0.0	-1.0
1.0	6.182671546936035	1.0	0.8523662090301514	0.6561424732208252	1.0	0	0.0	0	0.0	0	0.0	1.0	0.0	1.0	0.0	0.0	0.0	0.0	-1.0
1.0	6.182671546936035	-1.0	0.8523662090301514	0.48566925525665283	1.0	0	0.0	0	0.0	0	0.0	1.0	0.0	1.0	0.0	0.0	0.0	0.0	-1.0
1.0	4.168378829956055	1.0	0.3409465551376343	0.6578352451324463	1.0	0	0.0	0	0.0	0	0.0	0.0	1.0	-1.0	0.0	0.0	0.0	-1.0	0.0
-1.0	6.182671546936035	1.0	0.5114197731018066	0.8295266628265381	1.0	0	0.0	0	0.0	0	0.0	0.0	1.0	-1.0	0.0	0.0	0.0	-1.0	0.0
-1.0	4.168378829956055	1.0	0.5114197731018066	0.6578352451324463	1.0	0	0.0	0	0.0	0	0.0	0.0	1.0	-1.0	0.0	0.0	0.0	-1.0	0.0
-1.0	6.182671546936035	-1.0	0.4844789206981659	0.3654208481311798	1.0	0	0.0	0	0.0	0	-1.0	0.0	0.0	0.0	0.7053799033164978	-0.7088294625282288	0.0	-0.7088294625282288	-0.7053799033164978
1.0	6.182671546936035	1.0	0.8481214046478271	0.0	1.0	0	0.0	0	0.0	0	1.0	0.0	0.0	0.0	0.7053802609443665	-0.7088291645050049	0.0	0.7088291645050049	0.7053802609443665
1.0	0.13448262214660645	-1.0	0.681892991065979	0.6561425924301147	1.0	0	0.0	0	0.0	0	0.0	-1.0	0.0	-1.0	0.0	0.0	0.0	0.0	-1.0
-1.0	0.13448262214660645	1.0	0.8523662090301514	0.8266158103942871	1.0	0	0.0	0	0.0	0	0.0	-1.0	0.0	-1.0	0.0	0.0	0.0	0.0	-1.0
-1.0	0.13448262214660645	-1.0	0.8523662090301514	0.6561425924301147	1.0	0	0.0	0	0.0	0	0.0	-1.0	0.0	-1.0	0.0	0.0	0.0	0.0	-1.0
-1.0	2.1683785915374756	1.0	0.3409464359283447	0.6590316295623779	1.0	0	0.0	0	0.0	0	0.0	0.0	1.0	-1.0	0.0	0.0	0.0	-1.0	0.0
1.0	0.13448262214660645	1.0	0.17047321796417236	0.48566925525665283	1.0	0	0.0	0	0.0	0	0.0	0.0	1.0	-1.0	0.0	0.0	0.0	-1.0	0.0
1.0	2.1683785915374756	1.0	0.17047321796417236	0.6590316295623779	1.0	0	0.0	0	0.0	0	0.0	0.0	1.0	-1.0	0.0	0.0	0.0	-1.0	0.0
-1.0	0.13448262214660645	1.0	0.0	0.12024837732315063	1.0	0	0.0	0	0.0	0	-1.0	0.0	0.0	0.0	0.7053799033164978	-0.7088295221328735	0.0	-0.7088295221328735	-0.7053799033164978
1.0	0.13448262214660645	-1.0	0.6053153872489929	0.4856691360473633	1.0	0	0.0	0	0.0	0	1.0	0.0	0.0	0.0	0.7053800225257874	-0.708829402923584	0.0	0.708829402923584	0.7053800225257874
-1.0	6.182671546936035	-1.0	0.5114197731018066	0.8295266628265381	1.0	0	0.0	0	0.0	0	0.0	0.0	-1.0	1.0	0.0	0.0	0.0	-1.0	0.0
1.0	2.1683785915374756	3.019860029220581	0.5114197731018066	0.6578353047370911	1.0	5	0.0	0	0.0	0	0.0	-1.0	0.0	-1.0	0.0	0.0	0.0	0.0	-1.0
1.0	0.13448262214660645	-1.0	0.17047321796417236	0.48566925525665283	1.0	0	0.0	0	0.0	0	0.0	0.0	-1.0	1.0	0.0	0.0	0.0	-1.0	0.0
-1.0	2.1683785915374756	-3.0044898986816406	0.17047327756881714	0.6590316295623779	1.0	3	0.0	0	0.0	0	0.0	-1.0	0.0	-1.0	0.0	0.0	0.0	0.0	-1.0
1.0	4.168378829956055	-3.0044898986816406	0.8523662090301514	0.997089147567749	1.0	3	0.0	0	0.0	0	0.0	0.0	-1.0	1.0	0.0	0.0	0.0	-1.0	0.0
1.0	4.168378829956055	-3.0044898986816406	0.3409465551376343	0.6590316295623779	1.0	3	0.0	0	0.0	0	0.0	1.0	0.0	1.0	0.0	0.0	0.0	0.0	-1.0
1.0	2.1683785915374756	-3.0044898986816406	0.8487094640731812	0.4833030700683594	1.0	3	0.0	0	0.0	0	1.0	0.0	0.0	0.0	0.7053801417350769	-0.7088292837142944	0.0	0.7088292837142944	0.7053801417350769
-1.0	4.168378829956055	-3.0044898986816406	0.4844789505004883	0.12320253252983093	1.0	3	0.0	0	0.0	0	-1.0	0.0	0.0	0.0	0.7053797841072083	-0.7088296413421631	0.0	-0.7088296413421631	-0.7053797841072083
-1.0	4.168378829956055	3.019860029220581	0.5114197731018066	1.0000001192092896	1.0	5	0.0	0	0.0	0	0.0	0.0	1.0	-1.0	0.0	0.0	0.0	-1.0	0.0
-1.0	4.168378829956055	3.019860029220581	0.3409464359283447	0.6578353047370911	1.0	5	0.0	0	0.0	0	0.0	1.0	0.0	1.0	0.0	0.0	0.0	0.0	-1.0
1.0	4.168378829956055	3.019860029220581	0.6049773693084717	0.0002574920654296875	1.0	5	0.0	0	0.0	0	1.0	0.0	0.0	0.0	0.7053800821304321	-0.7088292837142944	0.0	0.7088292837142944	0.7053800821304321
-1.0	2.1683785915374756	3.019860029220581	0.0002499818801879883	0.36457520723342896	1.0	5	0.0	0	0.0	0	-1.0	0.0	0.0	0.0	0.7053797841072083	-0.7088296413421631	0.0	-0.7088296413421631	-0.7053797841072083
-1.0	6.182671546936035	1.0	0.681892991065979	0.6561424732208252	1.0	0	0.0	0	0.0	0	0.0	1.0	0.0	1.0	0.0	0.0	0.0	0.0	-1.0
1.0	6.182671546936035	1.0	0.3409465551376343	0.8295266628265381	1.0	0	0.0	0	0.0	0	0.0	0.0	1.0	-1.0	0.0	0.0	0.0	-1.0	0.0
-1.0	6.182671546936035	1.0	0.36364248394966125	0.48566925525665283	1.0	0	0.0	0	0.0	0	-1.0	0.0	0.0	0.0	0.7053799629211426	-0.708829402923584	0.0	-0.708829402923584	-0.7053799629211426
1.0	6.182671546936035	-1.0	0.9689579010009766	0.12024831771850586	1.0	0	0.0	0	0.0	0	1.0	0.0	0.0	0.0	0.7053788304328918	-0.7088305354118347	0.0	0.7088305354118347	0.7053788304328918
1.0	0.13448262214660645	1.0	0.681892991065979	0.8266158103942871	1.0	0	0.0	0	0.0	0	0.0	-1.0	0.0	-1.0	0.0	0.0	0.0	0.0	-1.0
-1.0	0.13448262214660645	1.0	0.3409464359283447	0.48566925525665283	1.0	0	0.0	0	0.0	0	0.0	0.0	1.0	-1.0	0.0	0.0	0.0	-1.0	0.0
-1.0	0.13448262214660645	-1.0	0.12083646655082703	0.0	1.0	0	0.0	0	0.0	0	-1.0	0.0	0.0	0.0	0.7053799033164978	-0.7088295221328735	0.0	-0.7088295221328735	-0.7053799033164978
1.0	0.13448262214660645	1.0	0.4844789505004883	0.3654208183288574	1.0	0	0.0	0	0.0	0	1.0	0.0	0.0	0.0	0.7053800225257874	-0.708829402923584	0.0	0.708829402923584	0.7053800225257874
0	1	2
3	4	5
6	7	8
9	10	11
12	13	14
15	16	17
18	19	20
21	22	23
14	24	12
25	26	7
27	28	29
30	31	32
33	34	13
8	35	6
36	37	38
39	40	41
6	42	25
12	43	33
44	45	46
47	48	49
7	50	8
13	51	14
0	52	1
3	53	4
6	25	7
9	54	10
12	33	13
15	55	16
18	56	19
21	57	22
14	58	24
25	59	26
27	60	28
30	61	31
33	62	34
8	63	35
36	64	37
39	65	40
6	66	42
12	67	43
44	68	45
47	69	48
7	70	50
13	71	51
